-7.31	-3.95
2.66	1.2
6.35	-9.63
-1.46	2.06
-4.17	8.23
6.39	-6.49
-3.73	2.01
-4.21	-9.61
-8.46	4.46
-6.95	-2.29
-5.85	6.97
-7.69	-3.39
-0.81	-5.21
-3.82	3.98
3.69	0.93
-1.27	9.43
0.63	1.07
7.72	5.94
0.67	3.43
-6.55	-5.45
4	9.78
0.63	-3.37
-2.17	-3.65
9.69	4.89
4.18	5.02
-7.77	-6.39
2.24	1.38
0.43	-7.11
-5.65	2.37
0.62	-3.82
-1.45	-3.47
7.91	-4.79
1.09	1.43
-0.56	-4.58
5.16	-9.1
2.29	-5.37
5.81	8.99
1.61	-8.05
4.15	-0.73
2.9	-1.68
0.09	3.29
8.22	7.04
2.55	0.27
-7.31	-4.39
-0.75	3.57
2.97	9.05
7.73	2.71
-6.02	1
5.45	0.25
-1.23	-4.29
-1.33	8.99
9.17	9.33
-6.25	0.23
6.72	-7.26
-0.84	0.82
-3.36	8.1
3.42	-0.06
-2.59	-7.59
7.13	-7.33
-4.67	9.21
2.31	-0.47
3.82	-3.82
5.25	-5.27
5.32	-1.94
-3.4	0.86
-2.85	-9.57
-9.69	3.03
4.12	7.22
-7.73	1.57
-6.49	9.53
4.99	1.47
-9.09	0.47
2.68	-2.46
6.01	0.03
5.95	4.15
-4.55	1.47
8.79	-7.33
-2.9	-6.34
-7.79	2.13
4.74	7.94
-8.46	-8.18
-9.63	-2.79
5.46	-6.14
3.69	-8.75
2.74	-3.52
-3.07	-9.57
2.38	3.08
-8	7.34
-1.87	-5.11
3.31	-0.87
-1.17	-4.67
9.31	0.19
-9.78	-2.1
9.15	-5.17
6.92	6.26
3.33	-6.13
3.97	-7.97
-4.28	8.98
-7.19	-5.75
-0.67	-1.73
8.85	-4.67
-0.86	-7.62
-9.42	9.5
9.06	-2.06
-7.49	5.07
-5.18	-1.96
4.71	-5.31
-3.77	2.91
-4.06	-8.02
-5.44	5.3
-3.93	5.71
-0.57	0.77
5.02	1.42
0.5	8.26
-7.03	-0.31
3.32	-4.8
-8.9	8.18
2.84	3.14
-3.51	-4.75
3.27	2.87
-1.72	3.7
-4.55	-9.87
-2.69	-8.49
9.03	2.61
7.34	-7.3
3.61	-2.93
-7.88	7.94
5.98	0.94
-6.21	-1.41
3.56	4.78
-5.55	5.37
2.85	-8.03
-1.43	-1.91
7.09	-1.53
-4.93	-0.57
7.7	-4.76
3.63	-2.63
4.59	-0.37
5.95	8.03
-5.25	-9.25
4.01	-8.63
9.05	-4.15
-1.39	4.47
-7.77	-9.43
-1.21	-2.85
-1.71	2.75
-2.64	-1.22
-1.1	0.32
6.9	-2.54
0.88	9.76
1.43	-9.03
-3.46	-1.48
8.44	-0.06
1.53	-4.07
1.55	-4.51
-8.8	1.48
-5.85	2.35
4.33	8.57
7.24	6.8
0.64	2.52
7.7	5.34
-9.8	-1.48
7.01	-4.41
3.57	0.95
1.66	3.06
-4.08	2.36
-3.96	7.86
4.67	7.67
7.27	-7.91
-8.92	6.7
7.83	3.97
-6.69	6.01
8.93	-3.51
5.16	-3.14
-9.27	9.19
-7.96	2.54
0.09	-5.83
-1.64	0.1
9.55	-2.53
5.11	6.63
4.07	-4.71
7.73	0.07
-9.01	-9.51
2.32	6.36
-4.09	3.25
9.18	0.58
0.42	7.46
6.35	2.85
-9.69	-1.63
-6.41	-8.57
4.69	-3.03
3.55	-8.53
3.29	6.49
-3.11	-2.43
-5.31	6.09
0.48	1.42
-3.51	3.65
1.4	-2.22
6.21	-1.45
-5.47	0.09
-1.01	4.25
-6.23	1.19
-4.5	-2.6
5.76	5.14
1.5	-1.84
1.53	-5.37
-6.86	10
-8.98	-8.4
-4.24	-6.08
4.97	-0.89
0.28	1.3
4.77	-6.15
2.89	-1.19
7.24	6.14
2.55	5.81
7.66	-2.86
4.42	-1.36
1.21	-4.57
7.83	2.05
-2.82	3.98
-6.55	-6.45
-0.8	-3.22
-7.84	0.8
9.54	-2.04
6.28	5.84
-6.58	4.04
-9.62	6.08
-2.89	5.41
1.78	-0.64
2.89	8.75
6.98	0.24
6.33	-7.89
-0.12	-0.96
9.08	-2.16
3.51	-5.07
-4.97	-8.13
0.05	8.01
-7.31	-0.69
2.45	8.65
-4.55	1.41
-2.35	-3.81
-3.29	1.47
1.28	1.52
9.51	-0.47
-6.79	-8.99
-7.29	-3.97
3.89	4.13
-1.02	-2.08
-3.74	5.84
-2.54	-3.38
-2.53	-9.19
-5.44	-2.94
8.74	5.32
-2.87	3.99
7.7	4.16
-7.42	6.92
-1.78	9.16
0.52	-1.78
-7.21	0.61
3.12	6.72
-1.71	-8.29
4.61	9.01
-6.13	-7.59
-2.41	4.51
4.35	-1.41
-3.19	-6.33
1.18	-9.82
-5.36	0.48
8.83	3.03
-2.53	8.71
-4.94	0.38
-2.25	-0.19
-9.57	-2.25
4.09	6.39
4.29	-5.33
-0.77	9.29
4.89	5.39
1.77	-2.19
-7.38	4.72
-2.87	8.01
4.06	8.88
6.27	-3.65
-5.57	-9.99
-6.91	-4.37
4.73	2.55
-0.2	7
8.67	-1.53
8.51	7.89
-9.84	8.72
3.22	0.62
4.85	-5.63
-6.76	-3.28
8.9	2.28
4.6	8.3
-6.86	-8.78
5.5	5.2
9.03	1.83
0.1	-10
-1.48	-7.76
7.49	-4.55
-1.89	-4.49
-3.49	-5.35
-2.11	7.31
-7.32	-5.02
-5.5	-2.48
2.62	7.6
-8.67	-3.39
-3.67	5.53
-3.96	-0.9
-8.72	6.7
9.98	0.9
9.23	-8.77
6.74	-3.08
0.71	3.47
-7.84	7.54
6.46	2.98
-4.03	2.63
4.34	0.46
-4.54	-9.72
-7.77	-5.29
-0.15	-4.19
1.19	9.57
4.63	2.61
-5.16	6
-9.05	7.47
-0.69	-2.21
-9.68	-1.24
-5.96	0.28
9.9	3.42
-8.78	2.64
2.52	4.32
0.44	-5.36
0.1	1.46
2.88	-4.1
3.83	9.23
-5.69	-1.95
1.88	5.62
7.72	2.34
-1.98	-3.22
1.91	6.73
-5.54	1.84
-4.9	5.22
8.11	1.63
-5.08	9.38
-2.5	2.58
-6.4	7.48
0.31	-9.41
-4.81	-7.99
1.84	8.18
0.54	-1.04
4.46	5.84
3.4	-5.14
7.12	-0.36
-1.68	4.44
9.42	4.58
0.37	-8.77
7.1	8.44
-0.78	-7.28
3.16	3
-0.27	-8.19
2.02	1.04
-8.8	-4.5
-2.35	-1.81
-0.12	-1.4
-6.65	6.43
-6.59	-3.21
-3.88	6.22
2.63	1.69
-3.85	7.49
-3.21	1.95
-3.73	9.69
-0.48	3.24
9.16	8.9
2.61	0.75
-1.07	0.33
-3.07	2.61
2	0.22
9.57	9.27
6.17	4.09
5.65	0.91
-9.45	0.01
4.82	-1.58
7.7	5.64
2.37	-0.89
3.03	9.47
-8.3	3.42
-3.94	-6.72
0.06	-0.22
-5.06	1.58
5.34	-4.36
-7.5	-2.42
0.52	4.36
-4.03	8.07
7.73	-2.39
-0.89	-6.33
2.57	-3.23
6.17	8.19
-5.12	4.04
5.55	0.85
0.71	-4.71
