2000	1.38502
4000	1.38543
6000	1.38518
8000	1.38587
10000	1.38439
12000	1.38506
14000	1.38111
16000	1.38354
18000	1.38066
20000	1.38488
22000	1.3846
24000	1.39759
26000	1.397
28000	1.39552
30000	1.41239
32000	1.41094
34000	1.40825
36000	1.40652
38000	1.41577
40000	1.40402
42000	1.40652
44000	1.40552
46000	1.43589
48000	1.42984
50000	1.43592
52000	1.46213
54000	1.47919
56000	1.50118
58000	1.5071
60000	1.48922
62000	1.48616
64000	1.49031
66000	1.51732
68000	1.54264
70000	1.53752
72000	1.53823
74000	1.5597
76000	1.56614
78000	1.54973
80000	1.55016
82000	1.56217
84000	1.57451
86000	1.58206
88000	1.62746
90000	1.62401
92000	1.6243
94000	1.61847
96000	1.5962
98000	1.62554
100000	1.64011
102000	1.65323
104000	1.68785
106000	1.69783
108000	1.71569
110000	1.69249
112000	1.7277
114000	1.77386
116000	1.77764
118000	1.83346
120000	1.85309
122000	1.84617
124000	1.84409
126000	1.88201
128000	1.8682
130000	1.82531
132000	1.86399
134000	1.83872
136000	1.84452
138000	1.8521
140000	1.8863
142000	1.92366
144000	1.92449
146000	1.95957
148000	1.94223
150000	1.9492
152000	1.96014
154000	1.97953
156000	2.00739
158000	1.99661
160000	1.99748
162000	2.04025
164000	2.02613
166000	2.04088
168000	2.07011
170000	2.05641
172000	2.08794
174000	2.09257
176000	2.06321
178000	2.08016
180000	2.12445
182000	2.12979
184000	2.13611
186000	2.12355
188000	2.12699
190000	2.1024
192000	2.12721
194000	2.18458
196000	2.16042
198000	2.16903
200000	2.18229
202000	2.20044
204000	2.21021
206000	2.19531
208000	2.19369
210000	2.19412
212000	2.20983
214000	2.23911
216000	2.2519
218000	2.23171
220000	2.27147
222000	2.26763
224000	2.25681
226000	2.27293
228000	2.25938
230000	2.27234
232000	2.29926
234000	2.31821
236000	2.30166
238000	2.32806
240000	2.33175
242000	2.37352
244000	2.36141
246000	2.37617
248000	2.36011
250000	2.37678
252000	2.40963
254000	2.40168
256000	2.42013
258000	2.43884
260000	2.44374
262000	2.42779
264000	2.417
266000	2.43207
268000	2.42252
270000	2.40957
272000	2.43679
274000	2.46021
276000	2.44836
278000	2.46047
280000	2.43693
282000	2.46007
284000	2.47909
286000	2.50608
288000	2.475
290000	2.4693
292000	2.50052
294000	2.50479
296000	2.50388
298000	2.51941
300000	2.50061
302000	2.50245
304000	2.50974
306000	2.53064
308000	2.50635
310000	2.52916
312000	2.54105
314000	2.54192
316000	2.54847
318000	2.57203
320000	2.56289
322000	2.59623
324000	2.6019
326000	2.60052
328000	2.60809
330000	2.61795
332000	2.63208
334000	2.62779
336000	2.62637
338000	2.63536
340000	2.63556
342000	2.66564
344000	2.63955
346000	2.67614
348000	2.70959
350000	2.64952
352000	2.66118
354000	2.64419
356000	2.65469
358000	2.65832
360000	2.6837
362000	2.70936
364000	2.68982
366000	2.70391
368000	2.71305
370000	2.72513
372000	2.72306
374000	2.71958
376000	2.7249
378000	2.74301
380000	2.73115
382000	2.76002
384000	2.71517
386000	2.75252
388000	2.75689
390000	2.73384
392000	2.7575
394000	2.77213
396000	2.7875
398000	2.77086
400000	2.77441
402000	2.79388
404000	2.78149
406000	2.80121
408000	2.81676
410000	2.80744
412000	2.80774
414000	2.80976
416000	2.80308
418000	2.79925
420000	2.82753
422000	2.82741
424000	2.83017
426000	2.83146
428000	2.86067
430000	2.85559
432000	2.83146
434000	2.85537
436000	2.82228
438000	2.84041
440000	2.8516
442000	2.88063
444000	2.87015
446000	2.88426
448000	2.90571
450000	2.89233
452000	2.88791
454000	2.89812
456000	2.92143
458000	2.89475
460000	2.89644
462000	2.90033
464000	2.92066
466000	2.92093
468000	2.91134
470000	2.93477
472000	2.93029
474000	2.90751
476000	2.92954
478000	2.91144
480000	2.90789
482000	2.92417
484000	2.92479
486000	2.92695
488000	2.90971
490000	2.92881
492000	2.92182
494000	2.92716
496000	2.95426
498000	2.95842
500000	2.95698
502000	2.96184
504000	2.94763
506000	2.98396
508000	2.97784
510000	2.96128
512000	2.95899
514000	2.96189
516000	2.97829
518000	2.96283
520000	2.97497
522000	2.9887
524000	3.01027
526000	3.01235
528000	3.01688
530000	2.98396
532000	2.99845
534000	3.01235
536000	2.99636
538000	3.02084
540000	3.02073
542000	2.98855
544000	2.99673
546000	3.00594
548000	3.03414
550000	3.03254
552000	3.04201
554000	3.03598
556000	3.0545
558000	3.07145
560000	3.02881
562000	3.03832
564000	3.03415
566000	3.0227
568000	3.03652
570000	3.04139
572000	3.03797
574000	3.04616
576000	3.02222
578000	3.05122
580000	3.02773
582000	3.02665
584000	3.04277
586000	3.05224
588000	3.06492
590000	3.06092
592000	3.05861
594000	3.06485
596000	3.08001
598000	3.08877
600000	3.07416
602000	3.06671
604000	3.06078
606000	3.06786
608000	3.07055
610000	3.10485
612000	3.10845
614000	3.09896
616000	3.12162
618000	3.10159
620000	3.11612
622000	3.12308
624000	3.15456
626000	3.12818
628000	3.12039
630000	3.12451
632000	3.12015
634000	3.1399
636000	3.15839
638000	3.13963
640000	3.13715
642000	3.14113
644000	3.14193
646000	3.15297
648000	3.12671
650000	3.07942
652000	3.13119
654000	3.12493
656000	3.1367
658000	3.10403
660000	3.11813
662000	3.12723
664000	3.1389
666000	3.12876
668000	3.13573
670000	3.14851
672000	3.15189
674000	3.13994
676000	3.13154
678000	3.1378
680000	3.13722
682000	3.16018
684000	3.17605
686000	3.16143
688000	3.17137
690000	3.16459
692000	3.17575
694000	3.17441
696000	3.16633
698000	3.16053
700000	3.149
702000	3.14688
704000	3.15234
706000	3.16215
708000	3.19623
710000	3.20917
712000	3.18265
714000	3.1891
716000	3.19697
718000	3.21865
720000	3.19149
722000	3.18995
724000	3.18753
726000	3.18572
728000	3.17573
730000	3.1705
732000	3.18536
734000	3.17068
736000	3.18064
738000	3.19361
740000	3.21941
742000	3.23018
744000	3.21536
746000	3.22488
748000	3.22804
750000	3.2179
752000	3.23751
754000	3.21464
756000	3.23581
758000	3.22811
760000	3.21398
762000	3.21809
764000	3.21898
766000	3.23557
768000	3.229
770000	3.24387
772000	3.24453
774000	3.25262
776000	3.25209
778000	3.26007
780000	3.25056
782000	3.27446
784000	3.29348
786000	3.27205
788000	3.27366
790000	3.26918
792000	3.26969
794000	3.2948
796000	3.30157
798000	3.26663
800000	3.27812
802000	3.28107
804000	3.29173
806000	3.30291
808000	3.30735
810000	3.30097
812000	3.28845
814000	3.28579
816000	3.27618
818000	3.29419
820000	3.29826
822000	3.30401
824000	3.29234
826000	3.27418
828000	3.30133
830000	3.29682
832000	3.28708
834000	3.29498
836000	3.27787
838000	3.26771
840000	3.29638
842000	3.29509
844000	3.28043
846000	3.29181
848000	3.2868
850000	3.2909
852000	3.27068
854000	3.28094
856000	3.29263
858000	3.29086
860000	3.30426
862000	3.29669
864000	3.30788
866000	3.3092
868000	3.31059
870000	3.30864
872000	3.32104
874000	3.32716
876000	3.34727
878000	3.35365
880000	3.3442
882000	3.32311
884000	3.32435
886000	3.34216
888000	3.3402
890000	3.35263
892000	3.34311
894000	3.35053
896000	3.35011
898000	3.35069
900000	3.36526
902000	3.36921
904000	3.37304
906000	3.36542
908000	3.36565
910000	3.35843
912000	3.38
914000	3.38432
916000	3.3899
918000	3.37838
920000	3.3923
922000	3.38414
924000	3.38098
926000	3.36526
928000	3.34475
930000	3.36885
932000	3.3851
934000	3.37915
936000	3.40621
938000	3.40525
940000	3.40544
942000	3.41493
944000	3.40193
946000	3.42234
948000	3.42562
950000	3.40578
952000	3.42791
954000	3.42438
956000	3.4324
958000	3.43461
960000	3.44476
962000	3.44678
964000	3.44067
966000	3.42559
968000	3.44793
970000	3.43235
972000	3.46717
974000	3.43533
976000	3.45088
978000	3.4343
980000	3.44108
982000	3.44148
984000	3.43227
986000	3.43606
988000	3.43693
990000	3.43199
992000	3.43097
994000	3.44648
996000	3.44416
998000	3.45063
1000000	3.45929
1002000	3.44762
1004000	3.47522
1006000	3.45154
1008000	3.46695
1010000	3.47248
1012000	3.46502
1014000	3.47494
1016000	3.46725
1018000	3.47437
1020000	3.49878
1022000	3.49563
1024000	3.4713
1026000	3.48747
1028000	3.50093
1030000	3.50238
1032000	3.49957
1034000	3.50218
1036000	3.49392
1038000	3.46922
1040000	3.47332
1042000	3.48704
1044000	3.48531
1046000	3.50125
1048000	3.50855
1050000	3.51376
1052000	3.49267
1054000	3.51401
1056000	3.50696
1058000	3.49964
1060000	3.50755
1062000	3.52622
1064000	3.53311
1066000	3.5306
1068000	3.53462
1070000	3.52945
1072000	3.54378
1074000	3.53509
1076000	3.51676
1078000	3.50443
1080000	3.51406
1082000	3.53154
1084000	3.53929
1086000	3.54809
1088000	3.53673
1090000	3.53537
1092000	3.55199
1094000	3.54348
1096000	3.54845
1098000	3.56078
1100000	3.55021
1102000	3.55513
1104000	3.56255
1106000	3.56424
1108000	3.5524
1110000	3.54196
1112000	3.54571
1114000	3.55026
1116000	3.55907
1118000	3.5481
1120000	3.56629
1122000	3.54936
1124000	3.56155
1126000	3.55559
1128000	3.54475
1130000	3.55074
1132000	3.55743
1134000	3.566
1136000	3.56348
1138000	3.55912
1140000	3.56538
1142000	3.58163
1144000	3.58977
1146000	3.59236
1148000	3.59386
1150000	3.57105
1152000	3.57787
1154000	3.59084
1156000	3.59239
1158000	3.58029
1160000	3.58484
1162000	3.58073
1164000	3.59179
1166000	3.57892
1168000	3.59446
1170000	3.59719
1172000	3.61259
1174000	3.5892
1176000	3.58708
1178000	3.58356
1180000	3.5862
1182000	3.5856
1184000	3.60208
1186000	3.60414
1188000	3.59923
1190000	3.59367
1192000	3.58691
1194000	3.57878
1196000	3.5882
1198000	3.59056
1200000	3.57413
1202000	3.59096
1204000	3.5626
1206000	3.5774
1208000	3.59175
1210000	3.58064
1212000	3.5934
1214000	3.60736
1216000	3.59651
1218000	3.60621
1220000	3.61931
1222000	3.59302
1224000	3.58969
1226000	3.60742
1228000	3.62271
1230000	3.61272
1232000	3.62249
1234000	3.6262
1236000	3.61599
1238000	3.6279
1240000	3.62452
1242000	3.64265
1244000	3.64319
1246000	3.63525
1248000	3.63109
1250000	3.63767
1252000	3.62893
1254000	3.64197
1256000	3.6392
1258000	3.65819
1260000	3.6439
1262000	3.65907
1264000	3.63172
1266000	3.64311
1268000	3.61539
1270000	3.62455
1272000	3.62395
1274000	3.61613
1276000	3.6312
1278000	3.66616
1280000	3.66032
1282000	3.63705
1284000	3.65034
1286000	3.66627
1288000	3.65431
1290000	3.65864
1292000	3.67796
1294000	3.66889
1296000	3.66472
1298000	3.67611
1300000	3.67847
1302000	3.68305
1304000	3.66943
1306000	3.67921
1308000	3.68253
1310000	3.6825
1312000	3.67341
1314000	3.6936
1316000	3.70675
1318000	3.69066
1320000	3.68263
1322000	3.68371
1324000	3.68388
1326000	3.68371
1328000	3.6971
1330000	3.69251
1332000	3.70755
1334000	3.71262
1336000	3.73244
1338000	3.70198
1340000	3.72662
1342000	3.71034
1344000	3.70128
1346000	3.69593
1348000	3.70643
1350000	3.70105
1352000	3.6876
1354000	3.69241
1356000	3.69826
1358000	3.69535
1360000	3.68079
1362000	3.70164
1364000	3.70373
1366000	3.72928
1368000	3.71681
1370000	3.71239
1372000	3.70306
1374000	3.7075
1376000	3.69724
1378000	3.70672
1380000	3.71388
1382000	3.71113
1384000	3.70535
1386000	3.70603
1388000	3.70406
1390000	3.70011
1392000	3.71447
1394000	3.70812
1396000	3.70672
1398000	3.69611
1400000	3.70362
1402000	3.71162
1404000	3.70376
1406000	3.70797
1408000	3.71392
1410000	3.69832
1412000	3.69128
1414000	3.67333
1416000	3.68958
1418000	3.69848
1420000	3.70144
1422000	3.69685
1424000	3.68186
1426000	3.69087
1428000	3.6994
1430000	3.69821
1432000	3.69937
1434000	3.69583
1436000	3.69513
1438000	3.68527
1440000	3.6802
1442000	3.67988
1444000	3.65587
1446000	3.67978
1448000	3.67614
1450000	3.69919
1452000	3.69095
1454000	3.67043
1456000	3.67932
1458000	3.6917
1460000	3.6831
1462000	3.6967
1464000	3.72016
1466000	3.72695
1468000	3.7165
1470000	3.72031
1472000	3.72603
1474000	3.73287
1476000	3.71148
1478000	3.72083
1480000	3.74069
1482000	3.75349
1484000	3.758
1486000	3.76131
1488000	3.76154
1490000	3.75087
1492000	3.74706
1494000	3.74405
1496000	3.7374
1498000	3.73752
1500000	3.74692
1502000	3.72289
1504000	3.73094
1506000	3.74326
1508000	3.75326
1510000	3.7653
1512000	3.77751
1514000	3.76353
1516000	3.77106
1518000	3.78138
1520000	3.76855
1522000	3.76158
1524000	3.757
1526000	3.77442
1528000	3.76435
1530000	3.77511
1532000	3.76472
1534000	3.77921
1536000	3.77454
1538000	3.76543
1540000	3.76002
1542000	3.76475
1544000	3.75653
1546000	3.75728
1548000	3.74766
1550000	3.76154
1552000	3.76961
1554000	3.7675
1556000	3.7584
1558000	3.75637
1560000	3.76127
1562000	3.75754
1564000	3.76168
1566000	3.75723
1568000	3.76242
1570000	3.76813
1572000	3.76591
1574000	3.75733
1576000	3.77421
1578000	3.7612
1580000	3.75087
1582000	3.76112
1584000	3.76494
1586000	3.76766
1588000	3.77778
1590000	3.77526
1592000	3.78747
1594000	3.7686
1596000	3.77203
1598000	3.76558
1600000	3.78262
1602000	3.77137
1604000	3.77455
1606000	3.75886
1608000	3.75863
1610000	3.76958
1612000	3.74985
1614000	3.77411
1616000	3.77551
1618000	3.77267
1620000	3.77798
1622000	3.7804
1624000	3.7959
1626000	3.79499
1628000	3.79059
1630000	3.79649
1632000	3.78567
1634000	3.79211
1636000	3.80532
1638000	3.80136
1640000	3.79161
1642000	3.79521
1644000	3.80031
1646000	3.79801
1648000	3.79258
1650000	3.79909
1652000	3.80371
1654000	3.78125
1656000	3.78663
1658000	3.77861
1660000	3.78517
1662000	3.78198
1664000	3.80045
1666000	3.80143
1668000	3.81065
1670000	3.81064
1672000	3.7954
1674000	3.80485
1676000	3.81557
1678000	3.79715
1680000	3.80412
1682000	3.80621
1684000	3.81376
1686000	3.80433
1688000	3.80712
1690000	3.83103
1692000	3.82487
1694000	3.82208
1696000	3.83065
1698000	3.83356
1700000	3.83458
1702000	3.83173
1704000	3.82145
1706000	3.83111
1708000	3.82717
1710000	3.81609
1712000	3.81541
1714000	3.82948
1716000	3.82694
1718000	3.82926
1720000	3.83136
1722000	3.83433
1724000	3.84488
1726000	3.8369
1728000	3.83668
1730000	3.8194
1732000	3.84304
1734000	3.82488
1736000	3.84538
1738000	3.8578
1740000	3.85605
1742000	3.8477
1744000	3.85702
1746000	3.84175
1748000	3.85463
1750000	3.85163
1752000	3.85905
1754000	3.85774
1756000	3.85172
1758000	3.84081
1760000	3.83679
1762000	3.82898
1764000	3.8392
1766000	3.84552
1768000	3.83697
1770000	3.84344
1772000	3.85612
1774000	3.8457
1776000	3.84866
1778000	3.84855
1780000	3.83008
1782000	3.8199
1784000	3.82237
1786000	3.85007
1788000	3.85336
1790000	3.85126
1792000	3.85952
1794000	3.85545
1796000	3.84599
1798000	3.84925
1800000	3.83406
1802000	3.83488
1804000	3.84504
1806000	3.84724
1808000	3.85515
1810000	3.8458
1812000	3.84504
1814000	3.85559
1816000	3.87357
1818000	3.84904
1820000	3.85648
1822000	3.86522
1824000	3.86399
1826000	3.85529
1828000	3.85297
1830000	3.84308
1832000	3.84599
1834000	3.83341
1836000	3.85217
1838000	3.84171
1840000	3.85489
1842000	3.85585
1844000	3.83509
1846000	3.83821
1848000	3.85021
1850000	3.86308
1852000	3.86374
1854000	3.85565
1856000	3.87795
1858000	3.87231
1860000	3.88437
1862000	3.88471
1864000	3.88604
1866000	3.86614
1868000	3.87486
1870000	3.87402
1872000	3.85995
1874000	3.85812
1876000	3.84623
1878000	3.8613
1880000	3.86325
1882000	3.86105
1884000	3.86943
1886000	3.87877
1888000	3.86737
1890000	3.85991
1892000	3.8585
1894000	3.85908
1896000	3.87462
1898000	3.87843
1900000	3.88262
1902000	3.88306
1904000	3.89754
1906000	3.90364
1908000	3.89832
1910000	3.89377
1912000	3.91337
1914000	3.90742
1916000	3.90535
1918000	3.90383
1920000	3.89757
1922000	3.90648
1924000	3.89751
1926000	3.89757
1928000	3.90143
1930000	3.9031
1932000	3.91867
1934000	3.91603
1936000	3.91163
1938000	3.91488
1940000	3.91029
1942000	3.90651
1944000	3.90406
1946000	3.90069
1948000	3.90241
1950000	3.90142
1952000	3.91458
1954000	3.92154
1956000	3.92681
1958000	3.90865
1960000	3.9036
1962000	3.89963
1964000	3.91904
1966000	3.90294
1968000	3.90226
1970000	3.92201
1972000	3.92244
1974000	3.90534
1976000	3.90039
1978000	3.88842
1980000	3.90025
1982000	3.89588
1984000	3.90305
1986000	3.89773
1988000	3.89447
1990000	3.90043
1992000	3.90568
1994000	3.90305
1996000	3.89675
1998000	3.90204
2000000	3.88896
2002000	3.88603
2004000	3.89314
2006000	3.89651
2008000	3.90604
2010000	3.90687
2012000	3.8989
2014000	3.91418
2016000	3.9053
2018000	3.89473
2020000	3.90117
2022000	3.90612
2024000	3.89306
2026000	3.9162
2028000	3.92227
2030000	3.91242
2032000	3.91555
2034000	3.91304
2036000	3.90954
2038000	3.91001
2040000	3.91568
2042000	3.92342
2044000	3.91537
2046000	3.91524
2048000	3.92004
2050000	3.92496
2052000	3.92176
2054000	3.92567
2056000	3.92478
2058000	3.92971
2060000	3.91508
2062000	3.91593
2064000	3.90313
2066000	3.89428
2068000	3.90283
2070000	3.89643
2072000	3.8941
2074000	3.90966
2076000	3.90426
2078000	3.89378
2080000	3.88904
2082000	3.90195
2084000	3.8906
2086000	3.90472
2088000	3.90909
2090000	3.88195
2092000	3.92222
2094000	3.90544
2096000	3.9084
2098000	3.90426
2100000	3.92326
2102000	3.91995
2104000	3.91604
2106000	3.91692
2108000	3.92337
2110000	3.9144
2112000	3.91765
2114000	3.91266
2116000	3.90966
2118000	3.92755
2120000	3.91651
2122000	3.92071
2124000	3.93775
2126000	3.91641
2128000	3.92119
2130000	3.91628
2132000	3.92437
2134000	3.92664
2136000	3.93741
2138000	3.92897
2140000	3.91863
2142000	3.90751
2144000	3.91434
2146000	3.9249
2148000	3.92693
2150000	3.92702
2152000	3.93645
2154000	3.94029
2156000	3.93471
2158000	3.94006
2160000	3.91822
2162000	3.90855
2164000	3.91089
2166000	3.91549
2168000	3.93091
2170000	3.91721
2172000	3.93013
2174000	3.91338
2176000	3.92308
2178000	3.919
2180000	3.90185
2182000	3.91093
2184000	3.90716
2186000	3.89429
2188000	3.92192
2190000	3.91638
2192000	3.92602
2194000	3.93383
2196000	3.94309
2198000	3.92444
2200000	3.93352
2202000	3.94387
2204000	3.94898
2206000	3.94702
2208000	3.95115
2210000	3.9655
2212000	3.9549
2214000	3.94131
2216000	3.93115
2218000	3.93979
2220000	3.94019
2222000	3.95088
2224000	3.95017
2226000	3.95645
2228000	3.94299
2230000	3.94033
2232000	3.94126
2234000	3.95137
2236000	3.95242
2238000	3.96279
2240000	3.95074
2242000	3.93512
2244000	3.95926
2246000	3.93495
2248000	3.93632
2250000	3.93124
2252000	3.93399
2254000	3.9342
2256000	3.95038
2258000	3.93803
2260000	3.946
2262000	3.93776
2264000	3.94716
2266000	3.96227
2268000	3.9472
2270000	3.95647
2272000	3.9634
2274000	3.96364
2276000	3.95792
2278000	3.95391
2280000	3.95199
2282000	3.94157
2284000	3.94533
2286000	3.92668
2288000	3.93329
2290000	3.95205
2292000	3.94265
2294000	3.93373
2296000	3.94014
2298000	3.9409
2300000	3.92635
2302000	3.91056
2304000	3.91336
2306000	3.89955
2308000	3.90959
2310000	3.9265
2312000	3.92111
2314000	3.93162
2316000	3.91794
2318000	3.92061
2320000	3.91376
2322000	3.92475
2324000	3.91353
2326000	3.91774
2328000	3.91065
2330000	3.9182
2332000	3.92434
2334000	3.93861
2336000	3.9394
2338000	3.94151
2340000	3.93701
2342000	3.92577
2344000	3.93315
2346000	3.93198
2348000	3.94291
2350000	3.93189
2352000	3.91935
2354000	3.94043
2356000	3.94041
2358000	3.947
2360000	3.94106
2362000	3.93894
2364000	3.94588
2366000	3.93799
2368000	3.93842
2370000	3.94242
2372000	3.94842
2374000	3.95722
2376000	3.95462
2378000	3.94649
2380000	3.96378
2382000	3.94836
2384000	3.94455
2386000	3.94565
2388000	3.95584
2390000	3.95636
2392000	3.96564
2394000	3.97435
2396000	3.96425
2398000	3.96653
2400000	3.96337
2402000	3.96513
2404000	3.97284
2406000	3.96422
2408000	3.96942
2410000	3.96182
2412000	3.96468
2414000	3.95982
2416000	3.96344
2418000	3.95581
2420000	3.95468
2422000	3.96074
2424000	3.95372
2426000	3.95339
2428000	3.95399
2430000	3.94806
2432000	3.95475
2434000	3.94075
2436000	3.95539
2438000	3.95744
2440000	3.9552
2442000	3.95105
2444000	3.9549
2446000	3.95113
2448000	3.95188
2450000	3.96166
2452000	3.96655
2454000	3.96795
2456000	3.96249
2458000	3.96159
2460000	3.95468
2462000	3.97596
2464000	3.98294
2466000	3.97639
2468000	3.97387
2470000	3.98165
2472000	3.96476
2474000	3.96285
2476000	3.96254
2478000	3.95801
2480000	3.9727
2482000	3.95885
2484000	3.98004
2486000	3.97897
2488000	3.98843
2490000	3.98732
2492000	3.9752
2494000	3.97683
2496000	3.97775
2498000	3.98448
2500000	3.97869
2502000	3.99305
2504000	3.983
2506000	3.98912
2508000	3.97801
2510000	3.97375
2512000	3.97515
2514000	3.98138
2516000	3.98566
2518000	3.98614
2520000	3.99316
2522000	3.97382
2524000	3.97825
2526000	3.98313
2528000	3.98581
2530000	3.97304
2532000	3.98444
2534000	3.9873
2536000	3.98054
2538000	3.98511
2540000	3.9804
2542000	3.9811
2544000	3.98618
2546000	3.98194
2548000	3.98422
2550000	3.98742
2552000	3.98518
2554000	3.98174
2556000	3.98924
2558000	3.99622
2560000	3.99737
2562000	3.98979
2564000	3.98735
2566000	3.98765
2568000	3.99313
2570000	3.97672
2572000	3.9777
2574000	3.98266
2576000	3.99534
2578000	3.99396
2580000	3.99598
2582000	3.99347
2584000	3.98474
2586000	3.98438
2588000	3.99136
2590000	4.00147
2592000	3.99776
2594000	4.00139
2596000	4.00027
2598000	3.99937
2600000	3.98378
2602000	3.98576
2604000	3.99479
2606000	3.99112
2608000	4.00121
2610000	3.9985
2612000	3.9893
2614000	3.99663
2616000	3.99685
2618000	3.98741
2620000	3.99104
2622000	3.99669
2624000	3.99389
2626000	4.00333
2628000	3.99834
2630000	3.98276
2632000	3.97549
2634000	3.9915
2636000	3.96769
2638000	3.97919
2640000	3.97785
2642000	3.99253
2644000	4.00273
2646000	3.98916
2648000	3.9982
2650000	4.00396
2652000	3.99288
2654000	3.99301
2656000	3.9876
2658000	3.98727
2660000	3.98178
2662000	3.97594
2664000	3.984
2666000	3.97545
2668000	3.98521
2670000	3.96407
2672000	3.97153
2674000	3.97988
2676000	4.00153
2678000	4.01431
2680000	3.99308
2682000	3.99615
2684000	3.9949
2686000	3.99831
2688000	4.00298
2690000	4.00792
2692000	4.00562
2694000	4.0059
2696000	3.9884
2698000	3.99479
2700000	4.00493
2702000	4.00557
2704000	4.00836
2706000	3.99908
2708000	4.01258
2710000	4.00331
2712000	3.98966
2714000	4.00054
2716000	4.00147
2718000	3.98954
2720000	3.99583
2722000	3.99451
2724000	4.00061
2726000	4.00398
2728000	3.98621
2730000	3.99284
2732000	3.99191
2734000	3.9945
2736000	3.98728
2738000	3.97084
2740000	3.98307
2742000	3.96731
2744000	3.97975
2746000	3.96518
2748000	3.96265
2750000	3.97601
2752000	3.96303
2754000	3.98884
2756000	3.97695
2758000	3.97852
2760000	3.98258
2762000	3.95535
2764000	3.96888
2766000	3.9735
2768000	3.98029
2770000	3.98945
2772000	3.97994
2774000	3.98013
2776000	3.98077
2778000	3.98089
2780000	3.97986
2782000	3.98104
2784000	3.98001
2786000	3.98077
2788000	3.97013
2790000	3.96734
2792000	3.96458
2794000	3.97784
2796000	3.98824
2798000	3.97994
2800000	3.98149
2802000	3.98897
2804000	3.9756
2806000	3.97481
2808000	3.97161
2810000	3.97973
2812000	3.98036
2814000	3.98456
2816000	3.98891
2818000	3.97883
2820000	3.98026
2822000	3.97901
2824000	3.97627
2826000	3.98203
2828000	3.9708
2830000	3.98392
2832000	3.98108
2834000	3.97756
2836000	3.97206
2838000	3.97573
2840000	3.98474
2842000	3.98818
2844000	3.98811
2846000	3.9947
2848000	3.98095
2850000	3.98286
2852000	3.99251
2854000	3.97524
2856000	3.9813
2858000	3.98235
2860000	3.97864
2862000	3.97219
2864000	3.98639
2866000	3.98269
2868000	3.97943
2870000	3.98544
2872000	3.98592
2874000	3.98548
2876000	3.96778
2878000	3.97545
2880000	3.99272
2882000	3.987
2884000	3.98528
2886000	3.98611
2888000	3.99712
2890000	3.99486
2892000	4.00557
2894000	4.00576
2896000	4.00836
2898000	3.991
2900000	3.99938
2902000	3.99927
2904000	4.00454
2906000	4.00422
2908000	3.99355
2910000	3.99018
2912000	3.9915
2914000	3.99558
2916000	4.01381
2918000	4.00724
2920000	3.99492
2922000	4.00195
2924000	3.99893
2926000	4.0165
2928000	3.99444
2930000	3.97993
2932000	3.9874
2934000	3.98469
2936000	3.98741
2938000	3.98139
2940000	3.9691
2942000	3.99188
2944000	3.9915
2946000	4.00477
2948000	3.98511
2950000	3.97775
2952000	3.96934
2954000	3.98348
2956000	3.98271
2958000	3.97478
2960000	3.99531
2962000	3.9905
2964000	3.98899
2966000	3.99093
2968000	4.00807
2970000	4.00285
2972000	4.00462
2974000	4.0059
2976000	3.98391
2978000	4.00222
2980000	3.99143
2982000	3.99912
2984000	4.00223
2986000	3.99803
2988000	3.99627
2990000	4.0027
2992000	4.00829
2994000	4.00501
2996000	4.00172
2998000	3.98288
3000000	4.00556
3002000	4.00356
3004000	4.00016
3006000	3.98621
3008000	3.97913
3010000	3.96286
3012000	3.9723
3014000	3.96549
3016000	3.96083
3018000	3.97026
3020000	3.97285
3022000	3.97662
3024000	3.98492
3026000	3.97594
3028000	3.97316
3030000	3.97364
3032000	3.9849
3034000	3.97403
3036000	3.99615
3038000	3.98048
3040000	3.97345
3042000	3.97281
3044000	3.97759
3046000	3.97102
3048000	3.96145
3050000	3.98431
3052000	3.96584
3054000	3.9766
3056000	3.97754
3058000	3.95751
3060000	3.99517
3062000	3.97913
3064000	3.98947
3066000	3.99077
3068000	3.98894
3070000	3.98087
3072000	3.99218
3074000	3.99967
3076000	3.98321
3078000	3.98262
3080000	3.97217
3082000	3.98712
3084000	3.97928
3086000	3.98682
3088000	3.99959
3090000	3.99071
3092000	3.98661
3094000	3.98947
3096000	3.99989
3098000	3.98659
3100000	3.98358
3102000	3.9897
3104000	3.99115
3106000	4.00912
3108000	4.00251
3110000	4.00172
3112000	4.00602
3114000	4.01984
3116000	4.02245
3118000	4.02386
3120000	4.0212
3122000	4.01808
3124000	4.00804
3126000	4.02546
3128000	4.0213
3130000	4.01276
3132000	4.01105
3134000	4.02201
3136000	4.01609
3138000	4.01879
3140000	4.0077
3142000	4.00661
3144000	4.03039
3146000	4.02619
3148000	4.02997
3150000	4.01249
3152000	4.02305
3154000	4.02157
3156000	4.02409
3158000	4.01602
3160000	4.00827
3162000	4.01032
3164000	4.01476
3166000	4.00885
3168000	4.01436
3170000	4.0034
3172000	4.00266
3174000	4.00244
3176000	4.00157
3178000	4.00543
3180000	4.00716
3182000	4.02308
3184000	4.01011
3186000	3.99702
3188000	4.0009
3190000	4.00196
3192000	3.99387
3194000	4.01116
3196000	3.99866
3198000	3.992
3200000	3.98409
3202000	4.00849
3204000	4.00612
3206000	4.01847
3208000	4.01063
3210000	4.00559
3212000	4.00308
3214000	4.00419
3216000	4.00247
3218000	4.01078
3220000	4.01145
3222000	4.02235
3224000	4.02409
3226000	4.01993
3228000	4.00419
3230000	4.01304
3232000	4.01845
3234000	4.02647
3236000	4.02711
3238000	4.02789
3240000	4.03445
3242000	4.03719
3244000	4.03253
3246000	4.03155
3248000	4.0366
3250000	4.02455
3252000	4.04281
3254000	4.03901
3256000	4.04389
3258000	4.02531
3260000	4.01883
3262000	4.02879
3264000	4.02916
3266000	4.02386
3268000	4.02441
3270000	4.03297
3272000	4.03583
3274000	4.02856
3276000	4.03485
3278000	4.02225
3280000	4.02501
3282000	4.01937
3284000	4.01073
3286000	4.00098
3288000	4.01051
3290000	4.00195
3292000	4.01678
3294000	4.03257
3296000	4.03019
3298000	4.02731
3300000	4.0352
3302000	4.03918
3304000	4.03326
3306000	4.02191
3308000	4.0029
3310000	4.01072
3312000	4.01036
3314000	4.00681
3316000	4.01627
3318000	4.00432
3320000	4.01613
3322000	4.0009
3324000	4.01932
3326000	4.00404
3328000	4.00361
3330000	4.01636
3332000	4.01377
3334000	4.02847
3336000	4.02994
3338000	4.02534
3340000	4.02354
3342000	4.01115
3344000	4.0046
3346000	4.00623
3348000	4.0067
3350000	4.01049
3352000	4.02372
3354000	4.03257
3356000	4.01621
3358000	4.01282
3360000	4.00482
3362000	3.99999
3364000	4.00282
3366000	4.00076
3368000	4.00506
3370000	4.00324
3372000	4.02264
3374000	4.03117
3376000	4.02357
3378000	4.01765
3380000	4.01125
3382000	4.02412
3384000	4.00379
3386000	4.01891
3388000	4.01848
3390000	4.02009
3392000	4.02211
3394000	4.03444
3396000	4.03086
3398000	4.01968
3400000	4.00758
3402000	4.01864
3404000	4.00948
3406000	4.0073
3408000	4.00345
3410000	4.00651
3412000	4.00707
3414000	4.01031
3416000	4.00804
3418000	4.00378
3420000	4.00598
3422000	3.99702
3424000	4.00791
3426000	4.00398
3428000	4.01352
3430000	4.02759
3432000	4.00571
3434000	3.99193
3436000	4.00065
3438000	3.99301
3440000	4.00159
3442000	3.9928
3444000	3.983
3446000	3.99102
3448000	4.00134
3450000	4.0102
3452000	4.00555
3454000	4.00653
3456000	4.01176
3458000	4.01062
3460000	4.01352
3462000	4.0302
3464000	4.02756
3466000	4.02087
3468000	4.02279
3470000	4.02982
3472000	4.02105
3474000	4.03192
3476000	4.03264
3478000	4.03759
3480000	4.04367
3482000	4.03809
3484000	4.03189
3486000	4.02981
3488000	4.03558
3490000	4.02641
3492000	4.03081
3494000	4.02299
3496000	4.03685
3498000	4.03515
3500000	4.02513
3502000	4.03865
3504000	4.04449
3506000	4.03945
3508000	4.03329
3510000	4.04239
3512000	4.04129
3514000	4.0465
3516000	4.04244
3518000	4.02973
3520000	4.02791
3522000	4.02322
3524000	4.02891
3526000	4.02901
3528000	4.02265
3530000	4.02789
3532000	4.03703
3534000	4.03872
3536000	4.03979
3538000	4.05259
3540000	4.05192
3542000	4.05757
3544000	4.05272
3546000	4.04572
3548000	4.04467
3550000	4.0513
3552000	4.04425
3554000	4.04157
3556000	4.0531
3558000	4.0553
3560000	4.04748
3562000	4.06388
3564000	4.06872
3566000	4.06425
3568000	4.06114
3570000	4.05649
3572000	4.06317
3574000	4.06249
3576000	4.05926
3578000	4.07077
3580000	4.06396
3582000	4.07319
3584000	4.07955
3586000	4.08429
3588000	4.07781
3590000	4.073
3592000	4.08284
3594000	4.07014
3596000	4.06668
3598000	4.06736
3600000	4.06391
3602000	4.0657
3604000	4.06939
3606000	4.05919
3608000	4.05774
3610000	4.06108
3612000	4.05272
3614000	4.05174
3616000	4.04534
3618000	4.05946
3620000	4.05636
3622000	4.05936
3624000	4.04541
3626000	4.04694
3628000	4.05128
3630000	4.04723
3632000	4.04673
3634000	4.04628
3636000	4.0506
3638000	4.0529
3640000	4.06316
3642000	4.05592
3644000	4.05047
3646000	4.05341
3648000	4.05433
3650000	4.05474
3652000	4.05515
3654000	4.05913
3656000	4.05269
3658000	4.04282
3660000	4.04192
3662000	4.03897
3664000	4.04765
3666000	4.05533
3668000	4.05659
3670000	4.06124
3672000	4.05487
3674000	4.05936
3676000	4.06331
3678000	4.06309
3680000	4.06813
3682000	4.04981
3684000	4.06332
3686000	4.05788
3688000	4.06181
3690000	4.0717
3692000	4.07628
3694000	4.07822
3696000	4.06636
3698000	4.06091
3700000	4.06686
3702000	4.0567
3704000	4.05886
3706000	4.05518
3708000	4.05151
3710000	4.0448
3712000	4.0394
3714000	4.0401
3716000	4.0405
3718000	4.04634
3720000	4.02666
3722000	4.01871
3724000	4.0302
3726000	4.02439
3728000	4.01307
3730000	4.03299
3732000	4.02964
3734000	4.0298
3736000	4.03988
3738000	4.05433
3740000	4.04514
3742000	4.0503
3744000	4.03196
3746000	4.04289
3748000	4.04482
3750000	4.04917
3752000	4.04992
3754000	4.0531
3756000	4.03792
3758000	4.043
3760000	4.03362
3762000	4.0459
3764000	4.04396
3766000	4.03877
3768000	4.05345
3770000	4.0562
3772000	4.04456
3774000	4.04045
3776000	4.05014
3778000	4.064
3780000	4.06442
3782000	4.07041
3784000	4.06138
3786000	4.0584
3788000	4.05427
3790000	4.0446
3792000	4.03229
3794000	4.03357
3796000	4.05315
3798000	4.05956
3800000	4.05815
3802000	4.05741
3804000	4.03543
3806000	4.04764
3808000	4.05412
3810000	4.048
3812000	4.05265
3814000	4.04838
3816000	4.05286
3818000	4.07111
3820000	4.06185
3822000	4.03961
3824000	4.0545
3826000	4.05139
3828000	4.05693
3830000	4.06161
3832000	4.05079
3834000	4.06864
3836000	4.05881
3838000	4.05271
3840000	4.05402
3842000	4.04688
3844000	4.0628
3846000	4.06322
3848000	4.06542
3850000	4.05614
3852000	4.05862
3854000	4.0623
3856000	4.05355
3858000	4.04769
3860000	4.04608
3862000	4.04516
3864000	4.04802
3866000	4.03742
3868000	4.03988
3870000	4.05523
3872000	4.05762
3874000	4.05815
3876000	4.05846
3878000	4.06305
3880000	4.07487
3882000	4.07074
3884000	4.07166
3886000	4.07425
3888000	4.06846
3890000	4.07698
3892000	4.0721
3894000	4.07796
3896000	4.06937
3898000	4.05261
3900000	4.05492
3902000	4.06252
3904000	4.05743
3906000	4.06665
3908000	4.06763
3910000	4.06238
3912000	4.06954
3914000	4.05403
3916000	4.0559
3918000	4.07784
3920000	4.05248
3922000	4.05931
3924000	4.0802
3926000	4.06854
3928000	4.08058
3930000	4.07239
3932000	4.07241
3934000	4.06338
3936000	4.07378
3938000	4.05601
3940000	4.05942
3942000	4.06442
3944000	4.0559
3946000	4.06023
3948000	4.04587
3950000	4.04195
3952000	4.04549
3954000	4.05298
3956000	4.05213
3958000	4.04394
3960000	4.05348
3962000	4.0512
3964000	4.05684
3966000	4.0702
3968000	4.05992
3970000	4.05719
3972000	4.0527
3974000	4.05083
3976000	4.04674
3978000	4.04689
3980000	4.04226
3982000	4.02504
3984000	4.04057
3986000	4.04062
3988000	4.0349
3990000	4.03796
3992000	4.04464
3994000	4.06017
3996000	4.04469
3998000	4.04578
4000000	4.03647
4002000	4.05102
4004000	4.04683
4006000	4.05507
4008000	4.05912
4010000	4.05286
4012000	4.05718
4014000	4.05163
4016000	4.06383
4018000	4.0447
4020000	4.0426
4022000	4.05853
4024000	4.04354
4026000	4.0479
4028000	4.05469
4030000	4.04746
4032000	4.044
4034000	4.05331
4036000	4.0467
4038000	4.04015
4040000	4.0503
4042000	4.05303
4044000	4.0428
4046000	4.03537
4048000	4.05831
4050000	4.0469
4052000	4.03948
4054000	4.05249
4056000	4.04511
4058000	4.06146
4060000	4.0493
4062000	4.04615
4064000	4.05795
4066000	4.0494
4068000	4.04873
4070000	4.05319
4072000	4.06279
4074000	4.07165
4076000	4.07053
4078000	4.07477
4080000	4.07072
4082000	4.05928
4084000	4.07281
4086000	4.06599
4088000	4.06932
4090000	4.06506
4092000	4.06266
4094000	4.06447
4096000	4.05991
4098000	4.0651
4100000	4.07012
4102000	4.07324
4104000	4.05979
4106000	4.06111
4108000	4.05157
4110000	4.05094
4112000	4.04848
4114000	4.05119
4116000	4.05446
4118000	4.04905
4120000	4.03147
4122000	4.04031
4124000	4.0309
4126000	4.03608
4128000	4.02882
4130000	4.03916
4132000	4.01451
4134000	4.03053
4136000	4.03977
4138000	4.01629
4140000	4.0148
4142000	4.02089
4144000	4.01847
4146000	4.03673
4148000	4.04713
4150000	4.03355
4152000	4.0369
4154000	4.04686
4156000	4.0454
4158000	4.04447
4160000	4.0527
4162000	4.04892
4164000	4.05434
4166000	4.06991
4168000	4.07189
4170000	4.04844
4172000	4.05186
4174000	4.04993
4176000	4.06337
4178000	4.07331
4180000	4.06631
4182000	4.06401
4184000	4.04905
4186000	4.04965
4188000	4.05133
4190000	4.04208
4192000	4.04483
4194000	4.05615
4196000	4.05828
4198000	4.05593
4200000	4.04947
4202000	4.05688
4204000	4.06387
4206000	4.06257
4208000	4.06308
4210000	4.06331
4212000	4.05811
4214000	4.05483
4216000	4.04469
4218000	4.05689
4220000	4.05548
4222000	4.02986
4224000	4.05333
4226000	4.0607
4228000	4.05415
4230000	4.06007
4232000	4.05682
4234000	4.06506
4236000	4.06106
4238000	4.06879
4240000	4.06326
4242000	4.05021
4244000	4.05328
4246000	4.06977
4248000	4.0436
4250000	4.05676
4252000	4.04782
4254000	4.03946
4256000	4.05785
4258000	4.05261
4260000	4.05519
4262000	4.05899
4264000	4.06557
4266000	4.0713
4268000	4.06151
4270000	4.05466
4272000	4.05434
4274000	4.06118
4276000	4.0655
4278000	4.04573
4280000	4.0423
4282000	4.0521
4284000	4.05763
4286000	4.05014
4288000	4.05537
4290000	4.05737
4292000	4.06178
4294000	4.0577
4296000	4.06663
4298000	4.06299
4300000	4.05825
4302000	4.06257
4304000	4.06762
4306000	4.05984
4308000	4.05844
4310000	4.05973
4312000	4.06873
4314000	4.07092
4316000	4.07393
4318000	4.07086
4320000	4.06269
4322000	4.06517
4324000	4.06794
4326000	4.06333
4328000	4.0585
4330000	4.05877
4332000	4.06958
4334000	4.07137
4336000	4.06164
4338000	4.0722
4340000	4.04806
4342000	4.05737
4344000	4.05325
4346000	4.05579
4348000	4.06244
4350000	4.06309
4352000	4.06115
4354000	4.07639
4356000	4.06705
4358000	4.05876
4360000	4.06667
4362000	4.05539
4364000	4.0589
4366000	4.05134
4368000	4.06022
4370000	4.04802
4372000	4.05293
4374000	4.05836
4376000	4.07009
4378000	4.06564
4380000	4.05936
4382000	4.0554
4384000	4.05724
4386000	4.03586
4388000	4.05301
4390000	4.05008
4392000	4.05822
4394000	4.05348
4396000	4.0455
4398000	4.04818
4400000	4.05019
4402000	4.05352
4404000	4.04946
4406000	4.03591
4408000	4.04175
4410000	4.04168
4412000	4.04706
4414000	4.04865
4416000	4.03985
4418000	4.05208
4420000	4.05018
4422000	4.04976
4424000	4.05441
4426000	4.04472
4428000	4.06275
4430000	4.04398
4432000	4.03525
4434000	4.04974
4436000	4.04568
4438000	4.05108
4440000	4.05342
4442000	4.05471
4444000	4.05996
4446000	4.06873
4448000	4.06772
4450000	4.07344
4452000	4.07762
4454000	4.0688
4456000	4.06243
4458000	4.06866
4460000	4.06153
4462000	4.04833
4464000	4.05559
4466000	4.06011
4468000	4.07201
4470000	4.06157
4472000	4.06378
4474000	4.05914
4476000	4.0544
4478000	4.06546
4480000	4.06925
4482000	4.07213
4484000	4.07776
4486000	4.06292
4488000	4.06279
4490000	4.0581
4492000	4.05198
4494000	4.05325
4496000	4.05489
4498000	4.05153
4500000	4.06456
4502000	4.05361
4504000	4.06259
4506000	4.04576
4508000	4.04381
4510000	4.04832
4512000	4.04301
4514000	4.04064
4516000	4.04563
4518000	4.05264
4520000	4.04373
4522000	4.0336
4524000	4.0398
4526000	4.04088
4528000	4.04373
4530000	4.03808
4532000	4.05142
4534000	4.04424
4536000	4.04361
4538000	4.04637
4540000	4.04498
4542000	4.05925
4544000	4.06311
4546000	4.0612
4548000	4.05795
4550000	4.05602
4552000	4.05978
4554000	4.05575
4556000	4.05551
4558000	4.0543
4560000	4.06686
4562000	4.05665
4564000	4.05468
4566000	4.0656
4568000	4.05799
4570000	4.04707
4572000	4.0457
4574000	4.04734
4576000	4.06076
4578000	4.04404
4580000	4.05168
4582000	4.0512
4584000	4.04415
4586000	4.0517
4588000	4.03316
4590000	4.04756
4592000	4.04423
4594000	4.05629
4596000	4.05715
4598000	4.05855
4600000	4.04073
4602000	4.05358
4604000	4.05372
4606000	4.05396
4608000	4.02741
4610000	4.03622
4612000	4.04608
4614000	4.04883
4616000	4.04945
4618000	4.04367
4620000	4.05556
4622000	4.06705
4624000	4.07676
4626000	4.07489
4628000	4.0765
4630000	4.06485
4632000	4.06982
4634000	4.05747
4636000	4.05161
4638000	4.04816
4640000	4.05266
4642000	4.06018
4644000	4.05368
4646000	4.05834
4648000	4.0547
4650000	4.06046
4652000	4.06787
4654000	4.0657
4656000	4.06204
4658000	4.06645
4660000	4.07039
4662000	4.0638
4664000	4.06341
4666000	4.07188
4668000	4.06506
4670000	4.07656
4672000	4.07906
4674000	4.07878
4676000	4.07671
4678000	4.0805
4680000	4.073
4682000	4.07441
4684000	4.08198
4686000	4.06749
4688000	4.0665
4690000	4.06949
4692000	4.07075
4694000	4.0448
4696000	4.06895
4698000	4.04776
4700000	4.06402
4702000	4.06939
4704000	4.06719
4706000	4.07981
4708000	4.0732
4710000	4.07889
4712000	4.08102
4714000	4.075
4716000	4.07946
4718000	4.09047
4720000	4.08753
4722000	4.07656
4724000	4.08282
4726000	4.0775
4728000	4.08202
4730000	4.08337
4732000	4.07578
4734000	4.0864
4736000	4.07953
4738000	4.06866
4740000	4.07334
4742000	4.06668
4744000	4.07578
4746000	4.07006
4748000	4.07046
4750000	4.07627
4752000	4.05465
4754000	4.06876
4756000	4.06441
4758000	4.07012
4760000	4.0596
4762000	4.067
4764000	4.07689
4766000	4.07341
4768000	4.07524
4770000	4.07209
4772000	4.07198
4774000	4.08039
4776000	4.06296
4778000	4.059
4780000	4.06057
4782000	4.06782
4784000	4.06222
4786000	4.07342
4788000	4.06954
4790000	4.06057
4792000	4.05321
4794000	4.06326
4796000	4.06176
4798000	4.06472
4800000	4.07004
4802000	4.07449
4804000	4.07763
4806000	4.07566
4808000	4.08723
4810000	4.08271
4812000	4.08582
4814000	4.08669
4816000	4.08422
4818000	4.08
4820000	4.09162
4822000	4.08989
4824000	4.08858
4826000	4.08917
4828000	4.08686
4830000	4.08682
4832000	4.08947
4834000	4.0747
4836000	4.08148
4838000	4.0748
4840000	4.08739
4842000	4.07576
4844000	4.08076
4846000	4.06096
4848000	4.06603
4850000	4.05831
4852000	4.06753
4854000	4.07442
4856000	4.0728
4858000	4.06412
4860000	4.07439
4862000	4.07033
4864000	4.05879
4866000	4.05743
4868000	4.06508
4870000	4.06632
4872000	4.06785
4874000	4.07123
4876000	4.07082
4878000	4.07413
4880000	4.06962
4882000	4.07356
4884000	4.07411
4886000	4.07201
4888000	4.08119
4890000	4.09052
4892000	4.08489
4894000	4.08212
4896000	4.08962
4898000	4.08292
4900000	4.06686
4902000	4.07723
4904000	4.07097
4906000	4.07603
4908000	4.07753
4910000	4.0735
4912000	4.07021
4914000	4.05511
4916000	4.06293
4918000	4.05829
4920000	4.05666
4922000	4.07106
4924000	4.06828
4926000	4.07224
4928000	4.07767
4930000	4.08292
4932000	4.07035
4934000	4.0682
4936000	4.06861
4938000	4.0573
4940000	4.04793
4942000	4.05066
4944000	4.05085
4946000	4.06519
4948000	4.05822
4950000	4.0647
4952000	4.06209
4954000	4.06211
4956000	4.07445
4958000	4.06717
4960000	4.06689
4962000	4.07531
4964000	4.06865
4966000	4.07075
4968000	4.08003
4970000	4.06612
4972000	4.06883
4974000	4.06401
4976000	4.0646
4978000	4.07087
4980000	4.06466
4982000	4.06508
4984000	4.0659
4986000	4.06409
4988000	4.06775
4990000	4.07592
4992000	4.0728
4994000	4.07757
4996000	4.07424
4998000	4.05465
5000000	4.08444
5002000	4.0763
5004000	4.05624
5006000	4.05483
5008000	4.06651
5010000	4.06445
5012000	4.07284
5014000	4.07605
5016000	4.06595
5018000	4.06372
5020000	4.06324
5022000	4.07401
5024000	4.07427
5026000	4.06775
5028000	4.06533
5030000	4.06829
5032000	4.07403
5034000	4.07478
5036000	4.06993
5038000	4.07526
5040000	4.07184
5042000	4.07163
5044000	4.08103
5046000	4.08383
5048000	4.08044
5050000	4.08293
5052000	4.08459
5054000	4.08204
5056000	4.08764
5058000	4.08447
5060000	4.08313
5062000	4.06057
5064000	4.06777
5066000	4.06051
5068000	4.04651
5070000	4.05284
5072000	4.05154
5074000	4.06536
5076000	4.06051
5078000	4.07458
5080000	4.08421
5082000	4.06596
5084000	4.05997
5086000	4.05597
5088000	4.06058
5090000	4.05873
5092000	4.06326
5094000	4.04969
5096000	4.06422
5098000	4.05867
5100000	4.05836
5102000	4.06642
5104000	4.06232
5106000	4.07822
5108000	4.07223
5110000	4.07381
5112000	4.05436
5114000	4.08532
5116000	4.07856
5118000	4.07513
5120000	4.06693
5122000	4.05943
5124000	4.07018
5126000	4.07215
5128000	4.07334
5130000	4.06837
5132000	4.07488
5134000	4.08698
5136000	4.07847
5138000	4.08025
5140000	4.06672
5142000	4.06438
5144000	4.0659
5146000	4.07216
5148000	4.08087
5150000	4.0768
5152000	4.06539
5154000	4.06596
5156000	4.08144
5158000	4.07875
5160000	4.06116
5162000	4.07253
5164000	4.05903
5166000	4.07345
5168000	4.05207
5170000	4.06536
5172000	4.0799
5174000	4.06519
5176000	4.04677
5178000	4.04469
5180000	4.06005
5182000	4.05331
5184000	4.07206
5186000	4.06094
5188000	4.05891
5190000	4.06272
5192000	4.06997
5194000	4.06415
5196000	4.06165
5198000	4.07995
5200000	4.06091
5202000	4.06793
5204000	4.07117
5206000	4.07072
5208000	4.07149
5210000	4.0682
5212000	4.07055
5214000	4.06859
5216000	4.06969
5218000	4.05978
5220000	4.07141
5222000	4.06283
5224000	4.07868
5226000	4.09232
5228000	4.08698
5230000	4.08787
5232000	4.07294
5234000	4.07556
5236000	4.07875
5238000	4.08179
5240000	4.08797
5242000	4.07608
5244000	4.07335
5246000	4.05898
5248000	4.06562
5250000	4.06213
5252000	4.07013
5254000	4.06584
5256000	4.07751
5258000	4.06707
5260000	4.07772
5262000	4.06754
5264000	4.06436
5266000	4.07632
5268000	4.07392
5270000	4.07148
5272000	4.07068
5274000	4.07498
5276000	4.05702
5278000	4.06706
5280000	4.06494
5282000	4.0762
5284000	4.07443
5286000	4.0867
5288000	4.08377
5290000	4.08336
5292000	4.09308
5294000	4.09464
5296000	4.08204
5298000	4.07094
5300000	4.07928
5302000	4.06703
5304000	4.06985
5306000	4.06893
5308000	4.06626
5310000	4.073
5312000	4.06585
5314000	4.0621
5316000	4.05396
5318000	4.04369
5320000	4.05531
5322000	4.05081
5324000	4.04255
5326000	4.04863
5328000	4.05368
5330000	4.03972
5332000	4.05033
5334000	4.05976
5336000	4.06218
5338000	4.03708
5340000	4.05876
5342000	4.05568
5344000	4.04502
5346000	4.05278
5348000	4.05366
5350000	4.05004
5352000	4.06602
5354000	4.06469
5356000	4.07284
5358000	4.07216
5360000	4.0631
5362000	4.06661
5364000	4.06129
5366000	4.06617
5368000	4.07462
5370000	4.06853
5372000	4.05797
5374000	4.06114
5376000	4.0612
5378000	4.06307
5380000	4.05804
5382000	4.06666
5384000	4.06774
5386000	4.05751
5388000	4.05157
5390000	4.07068
5392000	4.06736
5394000	4.06756
5396000	4.09007
5398000	4.07866
5400000	4.0827
5402000	4.08067
5404000	4.07788
5406000	4.07802
5408000	4.07793
5410000	4.06485
5412000	4.07554
5414000	4.0763
5416000	4.07201
5418000	4.07609
5420000	4.08249
5422000	4.0982
5424000	4.09249
5426000	4.09125
5428000	4.09106
5430000	4.08908
5432000	4.08748
5434000	4.10852
5436000	4.10333
5438000	4.10116
5440000	4.09237
5442000	4.0938
5444000	4.07644
5446000	4.07931
5448000	4.07963
5450000	4.07509
5452000	4.08227
5454000	4.08975
5456000	4.07184
5458000	4.07383
5460000	4.07775
5462000	4.07499
5464000	4.07781
5466000	4.08784
5468000	4.08021
5470000	4.07939
5472000	4.08303
5474000	4.07332
5476000	4.0705
5478000	4.0866
5480000	4.08367
5482000	4.08608
5484000	4.09222
5486000	4.08544
5488000	4.08949
5490000	4.09929
5492000	4.09458
5494000	4.09892
5496000	4.09958
5498000	4.1032
5500000	4.10031
5502000	4.0856
5504000	4.08667
5506000	4.09181
5508000	4.08162
5510000	4.07421
5512000	4.09921
5514000	4.08511
5516000	4.07126
5518000	4.06033
5520000	4.05726
5522000	4.07035
5524000	4.05841
5526000	4.0591
5528000	4.06578
5530000	4.05579
5532000	4.04928
5534000	4.06604
5536000	4.06492
5538000	4.06255
5540000	4.04558
5542000	4.07507
5544000	4.07181
5546000	4.06393
5548000	4.07203
5550000	4.06689
5552000	4.0758
5554000	4.07949
5556000	4.07228
5558000	4.0652
5560000	4.06159
5562000	4.07106
5564000	4.07161
5566000	4.07742
5568000	4.0738
5570000	4.06572
5572000	4.06042
5574000	4.07285
5576000	4.07605
5578000	4.07697
5580000	4.0661
5582000	4.06132
5584000	4.06918
5586000	4.06824
5588000	4.05936
5590000	4.06494
5592000	4.06774
5594000	4.0819
5596000	4.07714
5598000	4.07553
5600000	4.07435
5602000	4.06917
5604000	4.06483
5606000	4.08036
5608000	4.08475
5610000	4.06921
5612000	4.07203
5614000	4.0787
5616000	4.06894
5618000	4.07223
5620000	4.07073
5622000	4.0576
5624000	4.05745
5626000	4.06266
5628000	4.05997
5630000	4.05634
5632000	4.06214
5634000	4.05929
5636000	4.05315
5638000	4.04846
5640000	4.05459
5642000	4.06774
5644000	4.06829
5646000	4.06489
5648000	4.0613
5650000	4.06755
5652000	4.06956
5654000	4.07622
5656000	4.08505
5658000	4.09209
5660000	4.08623
5662000	4.09478
5664000	4.08952
5666000	4.09422
5668000	4.09555
5670000	4.08125
5672000	4.07703
5674000	4.07784
5676000	4.07258
5678000	4.07633
5680000	4.07353
5682000	4.06948
5684000	4.08641
5686000	4.08398
5688000	4.07941
5690000	4.08696
5692000	4.09237
5694000	4.09565
5696000	4.08788
5698000	4.08445
5700000	4.09075
5702000	4.07972
5704000	4.08496
5706000	4.09562
5708000	4.08358
5710000	4.08207
5712000	4.07611
5714000	4.06948
5716000	4.0736
5718000	4.06074
5720000	4.06176
5722000	4.0785
5724000	4.06841
5726000	4.07361
5728000	4.06471
5730000	4.089
5732000	4.07106
5734000	4.06144
5736000	4.06472
5738000	4.08213
5740000	4.08078
5742000	4.07866
5744000	4.08183
5746000	4.08475
5748000	4.06596
5750000	4.08109
5752000	4.06405
5754000	4.07657
5756000	4.08304
5758000	4.08576
5760000	4.08584
5762000	4.06902
5764000	4.07061
5766000	4.07508
5768000	4.07386
5770000	4.06531
5772000	4.07689
5774000	4.08649
5776000	4.0754
5778000	4.08135
5780000	4.07557
5782000	4.07396
5784000	4.08932
5786000	4.07575
5788000	4.06999
5790000	4.08427
5792000	4.088
5794000	4.07919
5796000	4.07973
5798000	4.08733
5800000	4.08245
5802000	4.09097
5804000	4.0813
5806000	4.07721
5808000	4.07658
5810000	4.07929
5812000	4.07914
5814000	4.08182
5816000	4.074
5818000	4.07537
5820000	4.08807
5822000	4.07725
5824000	4.08111
5826000	4.08314
5828000	4.07075
5830000	4.08711
5832000	4.08182
5834000	4.07489
5836000	4.07837
5838000	4.07718
5840000	4.09
5842000	4.08149
5844000	4.08574
5846000	4.08991
5848000	4.09097
5850000	4.08353
5852000	4.08585
5854000	4.08862
5856000	4.07819
5858000	4.07757
5860000	4.08014
5862000	4.07922
5864000	4.07055
5866000	4.08972
5868000	4.09062
5870000	4.0935
5872000	4.08783
5874000	4.08858
5876000	4.08901
5878000	4.0866
5880000	4.08955
5882000	4.09312
5884000	4.08877
5886000	4.08342
5888000	4.08375
5890000	4.0768
5892000	4.08402
5894000	4.09524
5896000	4.09002
5898000	4.07997
5900000	4.07641
5902000	4.08194
5904000	4.09234
5906000	4.08134
5908000	4.07531
5910000	4.08316
5912000	4.08574
5914000	4.0911
5916000	4.0833
5918000	4.07801
5920000	4.08396
5922000	4.09182
5924000	4.1028
5926000	4.09295
5928000	4.08621
5930000	4.08164
5932000	4.07437
5934000	4.07766
5936000	4.08617
5938000	4.08499
5940000	4.08735
5942000	4.08538
5944000	4.08275
5946000	4.07502
5948000	4.07267
5950000	4.06519
5952000	4.07704
5954000	4.07383
5956000	4.08225
5958000	4.08582
5960000	4.07023
5962000	4.07851
5964000	4.07484
5966000	4.06127
5968000	4.07322
5970000	4.05492
5972000	4.05891
5974000	4.04943
5976000	4.0619
5978000	4.06961
5980000	4.06946
5982000	4.06549
5984000	4.05775
5986000	4.06129
5988000	4.06818
5990000	4.0732
5992000	4.06876
5994000	4.07821
5996000	4.07702
5998000	4.08547
6000000	4.07686
