1000	0
2000	0.8736
3000	0.95042
4000	1.00248
5000	1.06594
6000	1.09426
7000	1.14295
8000	1.18039
9000	1.23685
10000	1.27058
11000	1.30002
12000	1.32767
13000	1.36105
14000	1.39561
15000	1.42655
16000	1.45967
17000	1.48593
18000	1.50647
19000	1.52174
20000	1.54896
21000	1.59635
22000	1.62046
23000	1.62567
24000	1.65348
25000	1.67373
26000	1.71711
27000	1.73961
28000	1.79493
29000	1.80457
30000	1.83432
31000	1.85388
32000	1.86388
33000	1.88334
34000	1.91281
35000	1.91933
36000	1.93516
37000	1.96743
38000	2.00123
39000	2.01595
40000	2.05332
41000	2.07831
42000	2.10672
43000	2.1311
44000	2.15073
45000	2.17816
46000	2.21189
47000	2.21992
48000	2.24523
49000	2.27432
50000	2.3032
51000	2.30119
52000	2.32592
53000	2.34733
54000	2.38661
55000	2.41486
56000	2.42812
57000	2.47283
58000	2.47873
59000	2.50286
60000	2.52642
61000	2.53137
62000	2.54962
63000	2.55675
64000	2.56922
65000	2.59323
66000	2.62661
67000	2.64546
68000	2.66108
69000	2.66643
70000	2.6834
71000	2.70678
72000	2.72951
73000	2.73699
74000	2.73356
75000	2.72989
76000	2.75365
77000	2.76904
78000	2.7983
79000	2.81551
80000	2.82862
81000	2.84238
82000	2.84594
83000	2.84289
84000	2.86639
85000	2.88446
86000	2.90718
87000	2.92056
88000	2.92918
89000	2.95772
90000	2.98243
91000	3.01854
92000	3.04629
93000	3.06052
94000	3.07714
95000	3.08245
96000	3.09477
97000	3.10729
98000	3.10896
99000	3.12631
100000	3.14475
101000	3.15992
102000	3.17596
103000	3.20551
104000	3.23214
105000	3.24486
106000	3.26428
107000	3.28035
108000	3.30588
109000	3.32642
110000	3.33034
111000	3.32621
112000	3.35012
113000	3.36548
114000	3.38198
115000	3.40655
116000	3.41966
117000	3.427
118000	3.44057
119000	3.46453
120000	3.47585
121000	3.50041
122000	3.49949
123000	3.50498
124000	3.51582
125000	3.54133
126000	3.55187
127000	3.56822
128000	3.57095
129000	3.58159
130000	3.58622
131000	3.61163
132000	3.61451
133000	3.62921
134000	3.63763
135000	3.66101
136000	3.67198
137000	3.68277
138000	3.69057
139000	3.6988
140000	3.71868
141000	3.74455
142000	3.75788
143000	3.7573
144000	3.76757
145000	3.77096
146000	3.79696
147000	3.8119
148000	3.82113
149000	3.82911
150000	3.83761
151000	3.84422
152000	3.86169
153000	3.87152
154000	3.88063
155000	3.89658
156000	3.92128
157000	3.92046
158000	3.94382
159000	3.95472
160000	3.98168
161000	3.98783
162000	3.98825
163000	4.0004
164000	4.02741
165000	4.04288
166000	4.03585
167000	4.02313
168000	4.05235
169000	4.06337
170000	4.08358
171000	4.11077
172000	4.12791
173000	4.15515
174000	4.16747
175000	4.18658
176000	4.19965
177000	4.21556
178000	4.24594
179000	4.25672
180000	4.27781
181000	4.31236
182000	4.3127
183000	4.31053
184000	4.31944
185000	4.32745
186000	4.3391
187000	4.34072
188000	4.35397
189000	4.37616
190000	4.39586
191000	4.40255
192000	4.40479
193000	4.43478
194000	4.46036
195000	4.45786
196000	4.47827
197000	4.47361
198000	4.47166
199000	4.47569
200000	4.49725
201000	4.51613
202000	4.52765
203000	4.54517
204000	4.54331
205000	4.5494
206000	4.54708
207000	4.56695
208000	4.5633
209000	4.58266
210000	4.58513
211000	4.5948
212000	4.62805
213000	4.63804
214000	4.64778
215000	4.678
216000	4.69032
217000	4.71358
218000	4.715
219000	4.71408
220000	4.73083
221000	4.75801
222000	4.76628
223000	4.78048
224000	4.80455
225000	4.80988
226000	4.83732
227000	4.86002
228000	4.84988
229000	4.86256
230000	4.87188
231000	4.89039
232000	4.91177
233000	4.93376
234000	4.93849
235000	4.96557
236000	4.98891
237000	4.97723
238000	4.98761
239000	4.98739
240000	5.01203
241000	5.02848
242000	5.02844
243000	5.06
244000	5.08212
245000	5.07566
246000	5.07519
247000	5.05867
248000	5.07642
249000	5.0557
250000	5.06678
251000	5.08177
252000	5.09572
253000	5.11334
254000	5.111
255000	5.12365
256000	5.14296
257000	5.17799
258000	5.18338
259000	5.18812
260000	5.19267
261000	5.19015
262000	5.21169
263000	5.21688
264000	5.22774
265000	5.22282
266000	5.23971
267000	5.2547
268000	5.25675
269000	5.25782
270000	5.25958
271000	5.26048
272000	5.28228
273000	5.30331
274000	5.33906
275000	5.34775
276000	5.36621
277000	5.37486
278000	5.38009
279000	5.39037
280000	5.39617
281000	5.39851
282000	5.42071
283000	5.44532
284000	5.4725
285000	5.45858
286000	5.46464
287000	5.48281
288000	5.48018
289000	5.46092
290000	5.48055
291000	5.46995
292000	5.47058
293000	5.48994
294000	5.48048
295000	5.49027
296000	5.48768
297000	5.48513
298000	5.48299
299000	5.50398
300000	5.50052
301000	5.50587
302000	5.50729
303000	5.50517
304000	5.52041
305000	5.52496
306000	5.52476
307000	5.53012
308000	5.53647
309000	5.54255
310000	5.55082
311000	5.57055
312000	5.60118
313000	5.6033
314000	5.60492
315000	5.61551
316000	5.6332
317000	5.64136
318000	5.6519
319000	5.67143
320000	5.68447
321000	5.68673
322000	5.69348
323000	5.68985
324000	5.68633
325000	5.70234
326000	5.70757
327000	5.70514
328000	5.7225
329000	5.72269
330000	5.72634
331000	5.74249
332000	5.74158
333000	5.74235
334000	5.76004
335000	5.76309
336000	5.75162
337000	5.74751
338000	5.75788
339000	5.77947
340000	5.8034
341000	5.7911
342000	5.80114
343000	5.81
344000	5.83988
345000	5.83479
346000	5.84606
347000	5.85887
348000	5.86974
349000	5.89917
350000	5.87194
351000	5.88284
352000	5.87497
353000	5.87979
354000	5.88208
355000	5.90094
356000	5.90068
357000	5.90448
358000	5.91459
359000	5.92784
360000	5.91995
361000	5.92745
362000	5.95469
363000	5.96695
364000	5.96839
365000	5.96619
366000	5.96836
367000	5.9679
368000	5.96328
369000	5.97595
370000	5.99198
371000	5.99869
372000	6.02334
373000	6.00286
374000	6.01784
375000	6.02016
376000	6.01094
377000	6.01999
378000	6.0202
379000	6.03046
380000	6.04495
381000	6.04231
382000	6.03807
383000	6.0525
384000	6.0708
385000	6.06626
386000	6.07803
387000	6.09479
388000	6.08724
389000	6.09203
390000	6.1037
391000	6.11073
392000	6.0936
393000	6.1021
394000	6.12311
395000	6.12724
396000	6.13424
397000	6.1645
398000	6.15556
399000	6.1605
400000	6.17577
401000	6.174
402000	6.17475
403000	6.19143
404000	6.20593
405000	6.20112
406000	6.21127
407000	6.22672
408000	6.23073
409000	6.24765
410000	6.24993
411000	6.26419
412000	6.26636
413000	6.25545
414000	6.27094
415000	6.29725
416000	6.30591
417000	6.31783
418000	6.31417
419000	6.3172
420000	6.34406
421000	6.3466
422000	6.34195
423000	6.36554
424000	6.37802
425000	6.38721
426000	6.38143
427000	6.38131
428000	6.38458
429000	6.4118
430000	6.42625
431000	6.43682
432000	6.44232
433000	6.46
434000	6.43984
435000	6.44691
436000	6.43838
437000	6.44153
438000	6.45107
439000	6.44853
440000	6.4204
441000	6.43725
442000	6.45896
443000	6.49206
444000	6.49209
445000	6.50414
446000	6.50366
447000	6.51626
448000	6.54434
449000	6.55419
450000	6.53943
451000	6.55367
452000	6.54799
453000	6.53996
454000	6.54754
455000	6.54507
456000	6.57358
457000	6.57132
458000	6.56519
459000	6.54785
460000	6.54292
461000	6.54573
462000	6.56031
463000	6.56245
464000	6.57502
465000	6.56597
466000	6.58485
467000	6.58175
468000	6.58547
469000	6.5852
470000	6.59494
471000	6.60959
472000	6.60448
473000	6.60417
474000	6.60188
475000	6.61273
476000	6.62278
477000	6.6351
478000	6.63857
479000	6.63475
480000	6.63281
481000	6.63112
482000	6.64812
483000	6.65127
484000	6.65917
485000	6.66309
486000	6.68123
487000	6.67006
488000	6.6663
489000	6.65741
490000	6.68055
491000	6.66863
492000	6.67545
493000	6.67278
494000	6.69594
495000	6.6966
496000	6.70211
497000	6.70674
498000	6.71458
499000	6.72553
500000	6.71482
501000	6.73369
502000	6.73932
503000	6.74405
504000	6.7577
505000	6.77817
506000	6.79236
507000	6.77557
508000	6.78028
509000	6.80349
510000	6.81283
511000	6.8091
512000	6.81403
513000	6.83078
514000	6.84414
515000	6.83835
516000	6.84809
517000	6.83538
518000	6.83154
519000	6.84816
520000	6.86722
521000	6.86326
522000	6.85622
523000	6.87483
524000	6.86678
525000	6.87463
526000	6.89396
527000	6.89531
528000	6.86148
529000	6.87546
530000	6.86305
531000	6.88194
532000	6.88492
533000	6.87967
534000	6.87076
535000	6.88199
536000	6.8931
537000	6.90445
538000	6.9068
539000	6.88773
540000	6.87397
541000	6.87415
542000	6.8725
543000	6.87535
544000	6.86461
545000	6.88857
546000	6.8853
547000	6.87999
548000	6.88978
549000	6.91027
550000	6.90478
551000	6.92051
552000	6.92249
553000	6.92761
554000	6.93073
555000	6.92626
556000	6.93153
557000	6.93416
558000	6.93248
559000	6.92051
560000	6.92185
561000	6.92965
562000	6.91692
563000	6.89815
564000	6.92488
565000	6.9272
566000	6.9299
567000	6.92918
568000	6.93292
569000	6.93659
570000	6.95074
571000	6.95899
572000	6.9553
573000	6.93597
574000	6.93204
575000	6.9307
576000	6.92958
577000	6.92949
578000	6.9528
579000	6.94925
580000	6.95697
581000	6.95565
582000	6.94184
583000	6.94636
584000	6.93877
585000	6.93781
586000	6.95829
587000	6.95023
588000	6.9322
589000	6.92657
590000	6.93021
591000	6.93348
592000	6.92572
593000	6.91897
594000	6.93776
595000	6.94256
596000	6.94562
597000	6.95923
598000	6.9714
599000	6.9902
600000	6.98084
601000	6.96116
602000	6.96496
603000	6.97582
604000	6.97941
605000	6.98292
606000	6.99992
607000	7.00346
608000	6.99494
609000	6.99623
610000	7.01748
611000	7.02074
612000	7.01151
613000	7.02495
614000	7.00783
615000	6.99453
616000	7.00989
617000	7.0246
618000	7.04186
619000	7.03158
620000	7.02493
621000	7.0346
622000	7.04378
623000	7.05087
624000	7.03961
625000	7.04994
626000	7.0565
627000	7.06732
628000	7.07234
629000	7.06836
630000	7.09169
631000	7.0903
632000	7.09468
633000	7.1035
634000	7.11073
635000	7.10656
636000	7.10905
637000	7.09345
638000	7.08001
639000	7.07436
640000	7.09256
641000	7.06344
642000	7.07669
643000	7.06676
644000	7.07461
645000	7.07594
646000	7.07138
647000	7.06572
648000	7.0492
649000	7.03501
650000	7.02335
651000	7.0282
652000	7.00694
653000	7.01704
654000	7.00696
655000	6.99852
656000	7.00133
657000	6.99526
658000	6.98361
659000	6.98738
660000	7.0001
661000	6.9944
662000	7.00374
663000	7.00095
664000	7.0034
665000	7.02588
666000	7.01034
667000	7.01216
668000	7.0176
669000	7.02979
670000	7.02359
671000	7.0469
672000	7.05429
673000	7.06756
674000	7.07993
675000	7.06819
676000	7.07959
677000	7.08529
678000	7.07607
679000	7.08143
680000	7.07979
681000	7.05803
682000	7.05451
683000	7.06039
684000	7.06871
685000	7.08522
686000	7.08421
687000	7.11004
688000	7.09661
689000	7.10202
690000	7.10917
691000	7.10721
692000	7.10567
693000	7.11195
694000	7.12081
695000	7.12634
696000	7.10925
697000	7.09678
698000	7.09749
699000	7.12383
700000	7.12346
701000	7.1193
702000	7.11441
703000	7.11591
704000	7.11713
705000	7.11987
706000	7.12117
707000	7.11761
708000	7.12547
709000	7.12298
710000	7.14371
711000	7.15684
712000	7.15412
713000	7.1506
714000	7.14215
715000	7.15758
716000	7.17082
717000	7.14697
718000	7.14376
719000	7.12861
720000	7.12794
721000	7.1233
722000	7.13591
723000	7.14606
724000	7.14251
725000	7.14374
726000	7.14158
727000	7.14962
728000	7.15519
729000	7.15041
730000	7.16272
731000	7.17083
732000	7.16545
733000	7.16438
734000	7.16457
735000	7.16608
736000	7.18778
737000	7.18146
738000	7.18539
739000	7.1793
740000	7.20716
741000	7.20442
742000	7.20631
743000	7.22816
744000	7.23441
745000	7.23619
746000	7.24939
747000	7.25996
748000	7.26888
749000	7.26114
750000	7.25998
751000	7.27154
752000	7.2845
753000	7.28866
754000	7.27391
755000	7.28573
756000	7.2806
757000	7.2668
758000	7.2845
759000	7.27723
760000	7.2776
761000	7.28968
762000	7.30027
763000	7.299
764000	7.31321
765000	7.28847
766000	7.28491
767000	7.29317
768000	7.30845
769000	7.29168
770000	7.30238
771000	7.30662
772000	7.31173
773000	7.32795
774000	7.34652
775000	7.35216
776000	7.35736
777000	7.35332
778000	7.35535
779000	7.37381
780000	7.36307
781000	7.35429
782000	7.3619
783000	7.36352
784000	7.38732
785000	7.39527
786000	7.39989
787000	7.41039
788000	7.40205
789000	7.40226
790000	7.39069
791000	7.39405
792000	7.39601
793000	7.39466
794000	7.40816
795000	7.41511
796000	7.40975
797000	7.41579
798000	7.41344
799000	7.42995
800000	7.4481
801000	7.44426
802000	7.45281
803000	7.44597
804000	7.4517
805000	7.45651
806000	7.46479
807000	7.46631
808000	7.47341
809000	7.48916
810000	7.46848
811000	7.47494
812000	7.47853
813000	7.48675
814000	7.47178
815000	7.47273
816000	7.44824
817000	7.45932
818000	7.45995
819000	7.47177
820000	7.46145
821000	7.47173
822000	7.46763
823000	7.43748
824000	7.45691
825000	7.45409
826000	7.45566
827000	7.45115
828000	7.46054
829000	7.46054
830000	7.46558
831000	7.46149
832000	7.43812
833000	7.44358
834000	7.42711
835000	7.41222
836000	7.40154
837000	7.39119
838000	7.38666
839000	7.4059
840000	7.4083
841000	7.41463
842000	7.40849
843000	7.40116
844000	7.38883
845000	7.37216
846000	7.3748
847000	7.37595
848000	7.36841
849000	7.37382
850000	7.38086
851000	7.39825
852000	7.408
853000	7.40977
854000	7.41619
855000	7.4263
856000	7.43215
857000	7.44995
858000	7.43547
859000	7.44787
860000	7.45764
861000	7.46552
862000	7.45774
863000	7.46531
864000	7.47278
865000	7.49939
866000	7.51087
867000	7.52108
868000	7.50059
869000	7.51864
870000	7.51949
871000	7.5118
872000	7.52573
873000	7.54065
874000	7.53928
875000	7.55353
876000	7.55008
877000	7.55455
878000	7.56529
879000	7.56883
880000	7.56619
881000	7.55209
882000	7.56244
883000	7.57623
884000	7.55192
885000	7.54044
886000	7.54604
887000	7.55974
888000	7.56325
889000	7.56434
890000	7.57639
891000	7.59142
892000	7.60915
893000	7.60848
894000	7.627
895000	7.64255
896000	7.60552
897000	7.61519
898000	7.63242
899000	7.61723
900000	7.60257
901000	7.59927
902000	7.60897
903000	7.59641
904000	7.61472
905000	7.6142
906000	7.61848
907000	7.59856
908000	7.59024
909000	7.58219
910000	7.59134
911000	7.58481
912000	7.58385
913000	7.60268
914000	7.60194
915000	7.60268
916000	7.61711
917000	7.61342
918000	7.62508
919000	7.61554
920000	7.6273
921000	7.61169
922000	7.60873
923000	7.60916
924000	7.62686
925000	7.59792
926000	7.59498
927000	7.58517
928000	7.59839
929000	7.5937
930000	7.58869
931000	7.59288
932000	7.60018
933000	7.60897
934000	7.60838
935000	7.62039
936000	7.61904
937000	7.62696
938000	7.61905
939000	7.62437
940000	7.62899
941000	7.65508
942000	7.63836
943000	7.62646
944000	7.62965
945000	7.63794
946000	7.66704
947000	7.66786
948000	7.66317
949000	7.66684
950000	7.65841
951000	7.66657
952000	7.66943
953000	7.66322
954000	7.67935
955000	7.6721
956000	7.69587
957000	7.70712
958000	7.7259
959000	7.71866
960000	7.71427
961000	7.69988
962000	7.70182
963000	7.70403
964000	7.69929
965000	7.69619
966000	7.67906
967000	7.69131
968000	7.69058
969000	7.69061
970000	7.68717
971000	7.6828
972000	7.68717
973000	7.68501
974000	7.67762
975000	7.67567
976000	7.69315
977000	7.69799
978000	7.70936
979000	7.71703
980000	7.71539
981000	7.72765
982000	7.73046
983000	7.72336
984000	7.72633
985000	7.70513
986000	7.70241
987000	7.69224
988000	7.6846
989000	7.68449
990000	7.68673
991000	7.66523
992000	7.65169
993000	7.65044
994000	7.66412
995000	7.67142
996000	7.68298
997000	7.67499
998000	7.67491
999000	7.67016
1000000	7.69859
1001000	7.6843
1002000	7.68768
1003000	7.68451
1004000	7.67391
1005000	7.67762
1006000	7.67154
1007000	7.66887
1008000	7.66358
1009000	7.66902
1010000	7.66906
1011000	7.66025
1012000	7.65241
1013000	7.65245
1014000	7.63747
1015000	7.62289
1016000	7.59605
1017000	7.59495
1018000	7.59391
1019000	7.60038
1020000	7.62621
1021000	7.6473
1022000	7.65055
1023000	7.63064
1024000	7.62174
1025000	7.64271
1026000	7.63831
1027000	7.65067
1028000	7.64533
1029000	7.64926
1030000	7.65429
1031000	7.66636
1032000	7.67801
1033000	7.68854
1034000	7.67584
1035000	7.65743
1036000	7.67951
1037000	7.69072
1038000	7.69935
1039000	7.69898
1040000	7.703
1041000	7.70355
1042000	7.70458
1043000	7.69226
1044000	7.69909
1045000	7.70125
1046000	7.70023
1047000	7.69419
1048000	7.69408
1049000	7.70208
1050000	7.69355
1051000	7.69292
1052000	7.69971
1053000	7.69985
1054000	7.70866
1055000	7.70155
1056000	7.70284
1057000	7.70675
1058000	7.69946
1059000	7.68678
1060000	7.71017
1061000	7.70977
1062000	7.69922
1063000	7.69414
1064000	7.69594
1065000	7.71893
1066000	7.73079
1067000	7.70912
1068000	7.70239
1069000	7.70752
1070000	7.71433
1071000	7.70736
1072000	7.70362
1073000	7.67977
1074000	7.66892
1075000	7.66509
1076000	7.65107
1077000	7.66154
1078000	7.66311
1079000	7.66238
1080000	7.65935
1081000	7.66983
1082000	7.66949
1083000	7.67842
1084000	7.68199
1085000	7.69967
1086000	7.68313
1087000	7.68939
1088000	7.68542
1089000	7.6799
1090000	7.67843
1091000	7.67256
1092000	7.66569
1093000	7.66015
1094000	7.65374
1095000	7.65664
1096000	7.65874
1097000	7.67839
1098000	7.69441
1099000	7.69803
1100000	7.6919
1101000	7.69303
1102000	7.69027
1103000	7.69989
1104000	7.68885
1105000	7.69423
1106000	7.68296
1107000	7.69028
1108000	7.68825
1109000	7.69011
1110000	7.70034
1111000	7.70811
1112000	7.72555
1113000	7.71877
1114000	7.71131
1115000	7.73222
1116000	7.73954
1117000	7.75537
1118000	7.75731
1119000	7.755
1120000	7.76383
1121000	7.75951
1122000	7.75581
1123000	7.76568
1124000	7.7572
1125000	7.74577
1126000	7.73682
1127000	7.7392
1128000	7.74215
1129000	7.74438
1130000	7.7389
1131000	7.74187
1132000	7.75839
1133000	7.7399
1134000	7.75053
1135000	7.75145
1136000	7.75765
1137000	7.73613
1138000	7.75616
1139000	7.75682
1140000	7.76855
1141000	7.77218
1142000	7.78635
1143000	7.7823
1144000	7.78893
1145000	7.78694
1146000	7.78974
1147000	7.78768
1148000	7.7925
1149000	7.80852
1150000	7.82126
1151000	7.81867
1152000	7.81542
1153000	7.81651
1154000	7.85
1155000	7.85702
1156000	7.86118
1157000	7.84429
1158000	7.83999
1159000	7.84923
1160000	7.85046
1161000	7.87441
1162000	7.8693
1163000	7.89232
1164000	7.89589
1165000	7.88114
1166000	7.89154
1167000	7.92579
1168000	7.93029
1169000	7.94621
1170000	7.93335
1171000	7.94651
1172000	7.94669
1173000	7.94027
1174000	7.91314
1175000	7.90875
1176000	7.8885
1177000	7.87395
1178000	7.86228
1179000	7.86831
1180000	7.87156
1181000	7.86814
1182000	7.86705
1183000	7.86411
1184000	7.87532
1185000	7.88444
1186000	7.88828
1187000	7.88477
1188000	7.87757
1189000	7.88513
1190000	7.889
1191000	7.9081
1192000	7.91562
1193000	7.9059
1194000	7.90949
1195000	7.89527
1196000	7.89543
1197000	7.87696
1198000	7.88012
1199000	7.88798
1200000	7.89371
1201000	7.88482
1202000	7.87858
1203000	7.87909
1204000	7.87425
1205000	7.86901
1206000	7.86276
1207000	7.86832
1208000	7.85167
1209000	7.84359
1210000	7.85234
1211000	7.84855
1212000	7.85297
1213000	7.85525
1214000	7.86043
1215000	7.86128
1216000	7.86563
1217000	7.85702
1218000	7.85247
1219000	7.84782
1220000	7.84414
1221000	7.83536
1222000	7.83264
1223000	7.82608
1224000	7.82178
1225000	7.825
1226000	7.84433
1227000	7.84462
1228000	7.86185
1229000	7.8777
1230000	7.88165
1231000	7.87811
1232000	7.87553
1233000	7.88547
1234000	7.87889
1235000	7.87028
1236000	7.87154
1237000	7.85357
1238000	7.86644
1239000	7.85298
1240000	7.85835
1241000	7.86614
1242000	7.86982
1243000	7.87301
1244000	7.86288
1245000	7.87379
1246000	7.87319
1247000	7.87888
1248000	7.88386
1249000	7.89531
1250000	7.89271
1251000	7.86745
1252000	7.86264
1253000	7.86697
1254000	7.85426
1255000	7.84411
1256000	7.85253
1257000	7.86112
1258000	7.85915
1259000	7.87095
1260000	7.85619
1261000	7.85239
1262000	7.86877
1263000	7.87235
1264000	7.86551
1265000	7.84838
1266000	7.83813
1267000	7.85519
1268000	7.87062
1269000	7.86759
1270000	7.87767
1271000	7.8648
1272000	7.88118
1273000	7.89518
1274000	7.8853
1275000	7.85531
1276000	7.86848
1277000	7.8791
1278000	7.89395
1279000	7.89544
1280000	7.89064
1281000	7.89195
1282000	7.86404
1283000	7.86198
1284000	7.84736
1285000	7.83559
1286000	7.84684
1287000	7.83231
1288000	7.84237
1289000	7.84649
1290000	7.84071
1291000	7.83493
1292000	7.82627
1293000	7.84075
1294000	7.83318
1295000	7.83459
1296000	7.83856
1297000	7.8502
1298000	7.86264
1299000	7.86226
1300000	7.87321
1301000	7.86948
1302000	7.8589
1303000	7.84932
1304000	7.84011
1305000	7.84778
1306000	7.84509
1307000	7.85376
1308000	7.85338
1309000	7.85968
1310000	7.86334
1311000	7.85247
1312000	7.86001
1313000	7.85699
1314000	7.85188
1315000	7.84081
1316000	7.84547
1317000	7.84802
1318000	7.84789
1319000	7.82596
1320000	7.84213
1321000	7.84623
1322000	7.8457
1323000	7.83993
1324000	7.84573
1325000	7.84802
1326000	7.82926
1327000	7.81323
1328000	7.81488
1329000	7.8217
1330000	7.82433
1331000	7.82688
1332000	7.81499
1333000	7.81911
1334000	7.82903
1335000	7.84472
1336000	7.85412
1337000	7.85325
1338000	7.86546
1339000	7.85137
1340000	7.86107
1341000	7.85352
1342000	7.86925
1343000	7.84767
1344000	7.85988
1345000	7.85862
1346000	7.87884
1347000	7.8883
1348000	7.91162
1349000	7.90709
1350000	7.90048
1351000	7.90156
1352000	7.89331
1353000	7.90731
1354000	7.91141
1355000	7.90674
1356000	7.92848
1357000	7.91513
1358000	7.9086
1359000	7.89891
1360000	7.89298
1361000	7.88332
1362000	7.89294
1363000	7.89379
1364000	7.89745
1365000	7.90119
1366000	7.90373
1367000	7.9033
1368000	7.90797
1369000	7.91734
1370000	7.9167
1371000	7.91163
1372000	7.92311
1373000	7.91823
1374000	7.90344
1375000	7.91166
1376000	7.88519
1377000	7.8712
1378000	7.87097
1379000	7.88371
1380000	7.87873
1381000	7.89242
1382000	7.90015
1383000	7.89997
1384000	7.89645
1385000	7.90397
1386000	7.89746
1387000	7.90707
1388000	7.89148
1389000	7.90508
1390000	7.91359
1391000	7.90918
1392000	7.89833
1393000	7.88534
1394000	7.86315
1395000	7.89102
1396000	7.87696
1397000	7.86954
1398000	7.87526
1399000	7.87053
1400000	7.889
1401000	7.905
1402000	7.9109
1403000	7.9058
1404000	7.90249
1405000	7.9139
1406000	7.90281
1407000	7.89423
1408000	7.90756
1409000	7.91628
1410000	7.89314
1411000	7.88182
1412000	7.87398
1413000	7.87604
1414000	7.85631
1415000	7.858
1416000	7.8487
1417000	7.82363
1418000	7.84579
1419000	7.84561
1420000	7.85688
1421000	7.87427
1422000	7.86657
1423000	7.84811
1424000	7.84986
1425000	7.85073
1426000	7.83818
1427000	7.84122
1428000	7.84734
1429000	7.85036
1430000	7.84888
1431000	7.85957
1432000	7.8439
1433000	7.82727
1434000	7.83606
1435000	7.83764
1436000	7.84967
1437000	7.84986
1438000	7.84775
1439000	7.83957
1440000	7.8599
1441000	7.85723
1442000	7.85157
1443000	7.84905
1444000	7.84528
1445000	7.85633
1446000	7.83725
1447000	7.84266
1448000	7.84976
1449000	7.84857
1450000	7.84075
1451000	7.82304
1452000	7.84692
1453000	7.837
1454000	7.8343
1455000	7.81581
1456000	7.83001
1457000	7.80643
1458000	7.82152
1459000	7.8325
1460000	7.8352
1461000	7.84106
1462000	7.85049
1463000	7.85476
1464000	7.84462
1465000	7.84328
1466000	7.85745
1467000	7.86368
1468000	7.87267
1469000	7.86791
1470000	7.86248
1471000	7.87164
1472000	7.89331
1473000	7.88713
1474000	7.88383
1475000	7.88089
1476000	7.89352
1477000	7.89239
1478000	7.88233
1479000	7.86466
1480000	7.86475
1481000	7.87991
1482000	7.88886
1483000	7.88957
1484000	7.90286
1485000	7.90149
1486000	7.90623
1487000	7.8944
1488000	7.90113
1489000	7.90695
1490000	7.91603
1491000	7.89794
1492000	7.87851
1493000	7.88753
1494000	7.87213
1495000	7.8624
1496000	7.85973
1497000	7.86928
1498000	7.88122
1499000	7.87092
1500000	7.86139
1501000	7.86097
1502000	7.8564
1503000	7.85872
1504000	7.85913
1505000	7.85448
1506000	7.8362
1507000	7.84888
1508000	7.86215
1509000	7.87227
1510000	7.88617
1511000	7.87984
1512000	7.88867
1513000	7.87349
1514000	7.87826
1515000	7.8882
1516000	7.89573
1517000	7.89158
1518000	7.89175
1519000	7.8781
1520000	7.86029
1521000	7.8586
1522000	7.82924
1523000	7.82176
1524000	7.81622
1525000	7.80785
1526000	7.82252
1527000	7.81889
1528000	7.8042
1529000	7.84019
1530000	7.84905
1531000	7.84596
1532000	7.85016
1533000	7.8479
1534000	7.87284
1535000	7.86986
1536000	7.85681
1537000	7.8437
1538000	7.85215
1539000	7.85423
1540000	7.85206
1541000	7.85491
1542000	7.84457
1543000	7.84693
1544000	7.84409
1545000	7.8381
1546000	7.83242
1547000	7.82804
1548000	7.82816
1549000	7.82289
1550000	7.82636
1551000	7.82855
1552000	7.82089
1553000	7.8338
1554000	7.82309
1555000	7.7998
1556000	7.80126
1557000	7.81542
1558000	7.80124
1559000	7.79226
1560000	7.78337
1561000	7.77161
1562000	7.75788
1563000	7.76906
1564000	7.76039
1565000	7.76408
1566000	7.77334
1567000	7.77836
1568000	7.78573
1569000	7.78715
1570000	7.79039
1571000	7.80771
1572000	7.80318
1573000	7.80289
1574000	7.80574
1575000	7.80368
1576000	7.80097
1577000	7.79982
1578000	7.79531
1579000	7.80927
1580000	7.81422
1581000	7.81146
1582000	7.80585
1583000	7.79651
1584000	7.78712
1585000	7.78873
1586000	7.79159
1587000	7.79265
1588000	7.79166
1589000	7.81844
1590000	7.81414
1591000	7.81044
1592000	7.83315
1593000	7.81852
1594000	7.83006
1595000	7.8204
1596000	7.82719
1597000	7.83494
1598000	7.84213
1599000	7.84652
1600000	7.82675
1601000	7.8344
1602000	7.82642
1603000	7.83055
1604000	7.82047
1605000	7.82452
1606000	7.83379
1607000	7.83895
1608000	7.82583
1609000	7.81353
1610000	7.80927
1611000	7.82329
1612000	7.82891
1613000	7.81869
1614000	7.82377
1615000	7.82615
1616000	7.80903
1617000	7.81041
1618000	7.82576
1619000	7.82471
1620000	7.81546
1621000	7.81807
1622000	7.83856
1623000	7.85537
1624000	7.85837
1625000	7.86919
1626000	7.89914
1627000	7.89647
1628000	7.90518
1629000	7.89452
1630000	7.89198
1631000	7.88568
1632000	7.88649
1633000	7.89999
1634000	7.89074
1635000	7.90267
1636000	7.9274
1637000	7.92275
1638000	7.90518
1639000	7.90939
1640000	7.9058
1641000	7.88521
1642000	7.88319
1643000	7.88305
1644000	7.89063
1645000	7.88364
1646000	7.89382
1647000	7.89218
1648000	7.90579
1649000	7.90201
1650000	7.92623
1651000	7.9263
1652000	7.93826
1653000	7.95066
1654000	7.95051
1655000	7.94948
1656000	7.93169
1657000	7.93184
1658000	7.92776
1659000	7.90726
1660000	7.90484
1661000	7.90617
1662000	7.92011
1663000	7.92886
1664000	7.92068
1665000	7.93445
1666000	7.92787
1667000	7.91476
1668000	7.89717
1669000	7.91239
1670000	7.91486
1671000	7.90795
1672000	7.91702
1673000	7.91652
1674000	7.91641
1675000	7.90581
1676000	7.91522
1677000	7.92361
1678000	7.9253
1679000	7.92232
1680000	7.91824
1681000	7.9158
1682000	7.91512
1683000	7.92192
1684000	7.92832
1685000	7.9238
1686000	7.92953
1687000	7.92892
1688000	7.92642
1689000	7.92909
1690000	7.94612
1691000	7.94452
1692000	7.96392
1693000	7.96332
1694000	7.96226
1695000	7.96939
1696000	7.9605
1697000	7.95678
1698000	7.9578
1699000	7.96992
1700000	7.97811
1701000	7.97959
1702000	7.97697
1703000	7.99014
1704000	7.99399
1705000	7.99985
1706000	7.99256
1707000	8.00978
1708000	7.99393
1709000	7.99558
1710000	7.99331
1711000	7.99821
1712000	8.00185
1713000	8.00206
1714000	7.9981
1715000	8.01435
1716000	8.02073
1717000	8.0213
1718000	8.02111
1719000	8.00872
1720000	8.00773
1721000	7.99533
1722000	7.99321
1723000	8.02329
1724000	8.02423
1725000	8.0153
1726000	8.00294
1727000	7.9871
1728000	7.98276
1729000	7.98416
1730000	7.98705
1731000	7.99853
1732000	7.993
1733000	7.99989
1734000	8.00853
1735000	8.02206
1736000	8.01874
1737000	8.01528
1738000	8.02954
1739000	8.02609
1740000	8.04566
1741000	8.05465
1742000	8.05984
1743000	8.06917
1744000	8.06738
1745000	8.06886
1746000	8.05665
1747000	8.07745
1748000	8.07713
1749000	8.0871
1750000	8.07149
1751000	8.06145
1752000	8.0502
1753000	8.04742
1754000	8.0609
1755000	8.08058
1756000	8.0764
1757000	8.07304
1758000	8.0702
1759000	8.05971
1760000	8.05136
1761000	8.04449
1762000	8.06391
1763000	8.06411
1764000	8.0461
1765000	8.05591
1766000	8.06588
1767000	8.05357
1768000	8.05719
1769000	8.07263
1770000	8.06425
1771000	8.074
1772000	8.07634
1773000	8.06066
1774000	8.05004
1775000	8.0576
1776000	8.06525
1777000	8.0635
1778000	8.07606
1779000	8.08021
1780000	8.05988
1781000	8.05319
1782000	8.03165
1783000	8.01317
1784000	8.01412
1785000	7.99768
1786000	7.98035
1787000	8.00879
1788000	8.02027
1789000	8.02477
1790000	8.01935
1791000	8.0078
1792000	8.0087
1793000	8.00707
1794000	8.00653
1795000	7.98925
1796000	8.00853
1797000	8.01915
1798000	8.00867
1799000	8.02622
1800000	8.02305
1801000	8.02742
1802000	8.03543
1803000	8.04323
1804000	8.04869
1805000	8.06235
1806000	8.05611
1807000	8.056
1808000	8.06005
1809000	8.04206
1810000	8.0485
1811000	8.04596
1812000	8.07686
1813000	8.06181
1814000	8.06564
1815000	8.06163
1816000	8.04221
1817000	8.05556
1818000	8.04005
1819000	8.0585
1820000	8.05486
1821000	8.0294
1822000	8.03138
1823000	8.02119
1824000	8.02239
1825000	8.01797
1826000	8.00005
1827000	8.03306
1828000	8.03403
1829000	8.02974
1830000	8.03036
1831000	8.02993
1832000	8.04595
1833000	8.03271
1834000	8.01775
1835000	8.01977
1836000	8.00823
1837000	8.02968
1838000	8.01887
1839000	8.03115
1840000	8.0056
1841000	8.02317
1842000	8.02262
1843000	8.02554
1844000	8.02463
1845000	8.02266
1846000	8.01722
1847000	8.03151
1848000	8.04294
1849000	8.03125
1850000	8.04116
1851000	8.06731
1852000	8.04375
1853000	8.04377
1854000	8.02422
1855000	8.02267
1856000	8.04812
1857000	8.05154
1858000	8.05313
1859000	8.03777
1860000	8.0674
1861000	8.05319
1862000	8.0543
1863000	8.05864
1864000	8.05848
1865000	8.05439
1866000	8.06789
1867000	8.06128
1868000	8.0714
1869000	8.06044
1870000	8.0552
1871000	8.06345
1872000	8.06478
1873000	8.08508
1874000	8.07693
1875000	8.08258
1876000	8.07572
1877000	8.06936
1878000	8.06016
1879000	8.06413
1880000	8.05326
1881000	8.07043
1882000	8.0728
1883000	8.07993
1884000	8.09247
1885000	8.0949
1886000	8.08889
1887000	8.11731
1888000	8.11406
1889000	8.10791
1890000	8.09108
1891000	8.07833
1892000	8.0717
1893000	8.07892
1894000	8.09108
1895000	8.08034
1896000	8.08297
1897000	8.10035
1898000	8.09372
1899000	8.09896
1900000	8.08099
1901000	8.07696
1902000	8.08791
1903000	8.08899
1904000	8.08176
1905000	8.08001
1906000	8.06874
1907000	8.07294
1908000	8.05249
1909000	8.05512
1910000	8.05235
1911000	8.05843
1912000	8.05928
1913000	8.05809
1914000	8.03781
1915000	8.01801
1916000	8.0314
1917000	8.00831
1918000	8.00037
1919000	8.00039
1920000	8.0212
1921000	8.02657
1922000	8.02179
1923000	8.02039
1924000	8.02811
1925000	8.03094
1926000	8.05878
1927000	8.05551
1928000	8.05403
1929000	8.05854
1930000	8.06241
1931000	8.0599
1932000	8.06954
1933000	8.07745
1934000	8.08538
1935000	8.09146
1936000	8.10663
1937000	8.1197
1938000	8.10295
1939000	8.10944
1940000	8.09889
1941000	8.10596
1942000	8.11596
1943000	8.10706
1944000	8.09752
1945000	8.09594
1946000	8.0845
1947000	8.08146
1948000	8.07059
1949000	8.07799
1950000	8.06564
1951000	8.06058
1952000	8.07449
1953000	8.0759
1954000	8.06825
1955000	8.08315
1956000	8.07695
1957000	8.07094
1958000	8.07629
1959000	8.07559
1960000	8.08023
1961000	8.08052
1962000	8.06558
1963000	8.07469
1964000	8.08674
1965000	8.07569
1966000	8.07946
1967000	8.06436
1968000	8.08202
1969000	8.08017
1970000	8.08684
1971000	8.10242
1972000	8.10904
1973000	8.14194
1974000	8.13603
1975000	8.15694
1976000	8.15061
1977000	8.15384
1978000	8.15778
1979000	8.14779
1980000	8.14449
1981000	8.14032
1982000	8.13661
1983000	8.12925
1984000	8.13511
1985000	8.13877
1986000	8.13525
1987000	8.13485
1988000	8.13227
1989000	8.13945
1990000	8.13494
1991000	8.13822
1992000	8.162
1993000	8.1755
1994000	8.17746
1995000	8.17295
1996000	8.17387
1997000	8.1679
1998000	8.16846
1999000	8.16189
2000000	8.17065
2001000	8.16345
2002000	8.14727
2003000	8.1502
2004000	8.13999
2005000	8.13131
2006000	8.14617
2007000	8.1591
2008000	8.14606
2009000	8.14594
2010000	8.15
2011000	8.16226
2012000	8.18541
2013000	8.1899
2014000	8.18388
2015000	8.18801
2016000	8.19832
2017000	8.19209
2018000	8.18183
2019000	8.20764
2020000	8.2055
2021000	8.19545
2022000	8.20381
2023000	8.2019
2024000	8.20228
2025000	8.20166
2026000	8.21669
2027000	8.2342
2028000	8.24337
2029000	8.23785
2030000	8.23887
2031000	8.25908
2032000	8.25181
2033000	8.25297
2034000	8.23916
2035000	8.23168
2036000	8.23646
2037000	8.22999
2038000	8.23245
2039000	8.225
2040000	8.22616
2041000	8.22498
2042000	8.22292
2043000	8.20468
2044000	8.1914
2045000	8.17905
2046000	8.17899
2047000	8.1749
2048000	8.16536
2049000	8.15012
2050000	8.14469
2051000	8.15648
2052000	8.14924
2053000	8.14031
2054000	8.14679
2055000	8.16167
2056000	8.17629
2057000	8.19662
2058000	8.19531
2059000	8.21789
2060000	8.19768
2061000	8.1881
2062000	8.17938
2063000	8.18901
2064000	8.16946
2065000	8.15846
2066000	8.1609
2067000	8.16975
2068000	8.19011
2069000	8.2045
2070000	8.19953
2071000	8.18638
2072000	8.18861
2073000	8.21073
2074000	8.20773
2075000	8.20862
2076000	8.22274
2077000	8.21881
2078000	8.21733
2079000	8.21224
2080000	8.21512
2081000	8.22407
2082000	8.20002
2083000	8.18035
2084000	8.17045
2085000	8.16742
2086000	8.17153
2087000	8.16297
2088000	8.17234
2089000	8.1812
2090000	8.18676
2091000	8.18291
2092000	8.17859
2093000	8.16684
2094000	8.16916
2095000	8.18259
2096000	8.18246
2097000	8.18392
2098000	8.18478
2099000	8.20414
2100000	8.20562
2101000	8.20402
2102000	8.20273
2103000	8.19185
2104000	8.18293
2105000	8.16659
2106000	8.16553
2107000	8.16933
2108000	8.18211
2109000	8.19062
2110000	8.20523
2111000	8.19489
2112000	8.18086
2113000	8.19886
2114000	8.19238
2115000	8.18206
2116000	8.15985
2117000	8.16661
2118000	8.18044
2119000	8.18136
2120000	8.19914
2121000	8.21027
2122000	8.20425
2123000	8.20864
2124000	8.2024
2125000	8.19949
2126000	8.18853
2127000	8.19167
2128000	8.20322
2129000	8.21151
2130000	8.20883
2131000	8.20718
2132000	8.20842
2133000	8.19162
2134000	8.19102
2135000	8.16592
2136000	8.1447
2137000	8.1444
2138000	8.14147
2139000	8.13383
2140000	8.14787
2141000	8.13534
2142000	8.14174
2143000	8.14044
2144000	8.16281
2145000	8.16275
2146000	8.15769
2147000	8.16946
2148000	8.16948
2149000	8.15616
2150000	8.16148
2151000	8.18834
2152000	8.18193
2153000	8.17739
2154000	8.18265
2155000	8.16359
2156000	8.18244
2157000	8.1696
2158000	8.16469
2159000	8.17315
2160000	8.1722
2161000	8.16786
2162000	8.18103
2163000	8.17457
2164000	8.17863
2165000	8.19024
2166000	8.18327
2167000	8.17035
2168000	8.16915
2169000	8.16701
2170000	8.1622
2171000	8.16586
2172000	8.17089
2173000	8.17521
2174000	8.16559
2175000	8.18151
2176000	8.18856
2177000	8.1797
2178000	8.17545
2179000	8.17748
2180000	8.20077
2181000	8.20425
2182000	8.20132
2183000	8.17749
2184000	8.18223
2185000	8.19399
2186000	8.18817
2187000	8.19107
2188000	8.19224
2189000	8.20593
2190000	8.19878
2191000	8.19874
2192000	8.17783
2193000	8.20056
2194000	8.2047
2195000	8.18397
2196000	8.19345
2197000	8.20986
2198000	8.21838
2199000	8.21677
2200000	8.21528
2201000	8.21308
2202000	8.21265
2203000	8.2091
2204000	8.21977
2205000	8.22525
2206000	8.23548
2207000	8.21498
2208000	8.22294
2209000	8.23969
2210000	8.23847
2211000	8.24931
2212000	8.22876
2213000	8.21728
2214000	8.22865
2215000	8.22018
2216000	8.2226
2217000	8.22403
2218000	8.2145
2219000	8.2074
2220000	8.21609
2221000	8.21498
2222000	8.1904
2223000	8.18118
2224000	8.16978
2225000	8.19039
2226000	8.20144
2227000	8.20335
2228000	8.21154
2229000	8.22352
2230000	8.20923
2231000	8.21061
2232000	8.21966
2233000	8.23319
2234000	8.22617
2235000	8.23131
2236000	8.24079
2237000	8.21985
2238000	8.21658
2239000	8.20975
2240000	8.23145
2241000	8.218
2242000	8.23549
2243000	8.23363
2244000	8.21663
2245000	8.20726
2246000	8.19143
2247000	8.17572
2248000	8.16767
2249000	8.15712
2250000	8.12844
2251000	8.13924
2252000	8.1422
2253000	8.14186
2254000	8.14337
2255000	8.14863
2256000	8.15193
2257000	8.16809
2258000	8.17794
2259000	8.16251
2260000	8.17939
2261000	8.17853
2262000	8.18264
2263000	8.1675
2264000	8.15844
2265000	8.15521
2266000	8.15202
2267000	8.1383
2268000	8.12893
2269000	8.14513
2270000	8.10472
2271000	8.1018
2272000	8.09575
2273000	8.09227
2274000	8.07604
2275000	8.06908
2276000	8.06872
2277000	8.07128
2278000	8.04302
2279000	8.03563
2280000	8.03232
2281000	8.03403
2282000	8.03729
2283000	8.02715
2284000	8.04489
2285000	8.06345
2286000	8.05419
2287000	8.03541
2288000	8.04084
2289000	8.0481
2290000	8.04413
2291000	8.04155
2292000	8.03375
2293000	8.04276
2294000	8.04177
2295000	8.02874
2296000	8.03308
2297000	8.04295
2298000	8.0346
2299000	8.03779
2300000	8.03266
2301000	8.01276
2302000	8.03163
2303000	8.03005
2304000	8.01287
2305000	8.01758
2306000	8.00731
2307000	7.99438
2308000	8.01215
2309000	8.01926
2310000	8.02322
2311000	8.02607
2312000	8.02227
2313000	8.00442
2314000	7.99051
2315000	7.9963
2316000	8.00223
2317000	7.98813
2318000	7.98513
2319000	7.97918
2320000	7.96321
2321000	7.96732
2322000	7.96721
2323000	7.98347
2324000	7.978
2325000	7.96878
2326000	7.95615
2327000	7.97991
2328000	7.97285
2329000	7.99503
2330000	8.00053
2331000	8.00126
2332000	8.01713
2333000	8.0186
2334000	7.99595
2335000	8.01222
2336000	8.00589
2337000	8.02874
2338000	8.02441
2339000	8.02372
2340000	8.01509
2341000	8.01773
2342000	8.01207
2343000	8.00144
2344000	7.99746
2345000	7.99213
2346000	7.9978
2347000	8.00497
2348000	7.99732
2349000	7.99976
2350000	7.99871
2351000	8.01389
2352000	7.99804
2353000	8.00624
2354000	8.00697
2355000	8.00212
2356000	8.01825
2357000	8.02641
2358000	8.03181
2359000	8.02709
2360000	8.04481
2361000	8.0406
2362000	8.04635
2363000	8.03861
2364000	8.03333
2365000	8.01915
2366000	8.0145
2367000	8.01504
2368000	8.0049
2369000	8.02487
2370000	8.03818
2371000	8.03331
2372000	8.0417
2373000	8.06548
2374000	8.04267
2375000	8.04433
2376000	8.05585
2377000	8.0543
2378000	8.0503
2379000	8.05885
2380000	8.04208
2381000	8.02566
2382000	8.04227
2383000	8.04581
2384000	8.04374
2385000	8.04834
2386000	8.032
2387000	8.03306
2388000	8.05378
2389000	8.04889
2390000	8.04865
2391000	8.04678
2392000	8.0549
2393000	8.04955
2394000	8.04
2395000	8.02609
2396000	8.01427
2397000	8.03402
2398000	8.04874
2399000	8.05609
2400000	8.05257
2401000	8.04723
2402000	8.05725
2403000	8.05715
2404000	8.05031
2405000	8.04995
2406000	8.04781
2407000	8.03856
2408000	8.04008
2409000	8.07155
2410000	8.06355
2411000	8.05897
2412000	8.04694
2413000	8.05117
2414000	8.0497
2415000	8.05112
2416000	8.05873
2417000	8.04529
2418000	8.06241
2419000	8.0636
2420000	8.06054
2421000	8.05065
2422000	8.0655
2423000	8.08186
2424000	8.07406
2425000	8.07843
2426000	8.08072
2427000	8.0782
2428000	8.08945
2429000	8.0799
2430000	8.0798
2431000	8.08502
2432000	8.05923
2433000	8.06061
2434000	8.06897
2435000	8.08001
2436000	8.07453
2437000	8.06969
2438000	8.05999
2439000	8.05931
2440000	8.07619
2441000	8.07795
2442000	8.06862
2443000	8.08433
2444000	8.09145
2445000	8.09391
2446000	8.09232
2447000	8.10544
2448000	8.10724
2449000	8.09873
2450000	8.09187
2451000	8.10632
2452000	8.11035
2453000	8.12258
2454000	8.14035
2455000	8.13352
2456000	8.14149
2457000	8.13795
2458000	8.13471
2459000	8.13939
2460000	8.11065
2461000	8.11362
2462000	8.1261
2463000	8.11669
2464000	8.1125
2465000	8.12036
2466000	8.13707
2467000	8.14985
2468000	8.15872
2469000	8.16122
2470000	8.17787
2471000	8.1788
2472000	8.16977
2473000	8.16963
2474000	8.18142
2475000	8.19905
2476000	8.21448
2477000	8.20653
2478000	8.2118
2479000	8.22422
2480000	8.21124
2481000	8.19
2482000	8.18835
2483000	8.16664
2484000	8.15727
2485000	8.16562
2486000	8.17067
2487000	8.16683
2488000	8.1711
2489000	8.16123
2490000	8.15045
2491000	8.14651
2492000	8.13435
2493000	8.13759
2494000	8.14027
2495000	8.13506
2496000	8.14022
2497000	8.13119
2498000	8.14398
2499000	8.12923
2500000	8.12136
2501000	8.12607
2502000	8.15383
2503000	8.17194
2504000	8.18232
2505000	8.1826
2506000	8.18086
2507000	8.15883
2508000	8.17262
2509000	8.15734
2510000	8.15114
2511000	8.13673
2512000	8.15768
2513000	8.15182
2514000	8.12597
2515000	8.14412
2516000	8.13459
2517000	8.12027
2518000	8.10502
2519000	8.1118
2520000	8.10784
2521000	8.11512
2522000	8.138
2523000	8.12605
2524000	8.1348
2525000	8.15103
2526000	8.13944
2527000	8.13628
2528000	8.13796
2529000	8.12069
2530000	8.11603
2531000	8.11927
2532000	8.10797
2533000	8.11554
2534000	8.11045
2535000	8.12915
2536000	8.13934
2537000	8.132
2538000	8.13527
2539000	8.13772
2540000	8.14195
2541000	8.13008
2542000	8.14227
2543000	8.12769
2544000	8.12327
2545000	8.11665
2546000	8.10694
2547000	8.10508
2548000	8.10329
2549000	8.1056
2550000	8.09541
2551000	8.10938
2552000	8.10939
2553000	8.10323
2554000	8.10436
2555000	8.11655
2556000	8.10742
2557000	8.11676
2558000	8.12229
2559000	8.14013
2560000	8.13847
2561000	8.14728
2562000	8.14136
2563000	8.14661
2564000	8.14189
2565000	8.1502
2566000	8.14112
2567000	8.15694
2568000	8.15755
2569000	8.15031
2570000	8.1497
2571000	8.15056
2572000	8.15311
2573000	8.15088
2574000	8.14458
2575000	8.13766
2576000	8.12644
2577000	8.11341
2578000	8.07858
2579000	8.07038
2580000	8.07351
2581000	8.08398
2582000	8.11431
2583000	8.09559
2584000	8.08943
2585000	8.11184
2586000	8.10852
2587000	8.12454
2588000	8.13527
2589000	8.14022
2590000	8.14994
2591000	8.15416
2592000	8.14938
2593000	8.16468
2594000	8.16019
2595000	8.14858
2596000	8.14412
2597000	8.12605
2598000	8.12634
2599000	8.13431
2600000	8.12521
2601000	8.13096
2602000	8.12816
2603000	8.12667
2604000	8.12391
2605000	8.12264
2606000	8.11233
2607000	8.12197
2608000	8.13302
2609000	8.13602
2610000	8.13138
2611000	8.13211
2612000	8.13775
2613000	8.14071
2614000	8.15677
2615000	8.15709
2616000	8.1486
2617000	8.15371
2618000	8.14544
2619000	8.15231
2620000	8.16208
2621000	8.14124
2622000	8.14361
2623000	8.14241
2624000	8.12982
2625000	8.13998
2626000	8.13595
2627000	8.14178
2628000	8.12916
2629000	8.11963
2630000	8.12383
2631000	8.11642
2632000	8.11738
2633000	8.13471
2634000	8.1317
2635000	8.14099
2636000	8.15338
2637000	8.15406
2638000	8.13583
2639000	8.12496
2640000	8.12075
2641000	8.14093
2642000	8.13137
2643000	8.13295
2644000	8.12232
2645000	8.12095
2646000	8.11489
2647000	8.10973
2648000	8.13867
2649000	8.14511
2650000	8.14693
2651000	8.13069
2652000	8.12013
2653000	8.10766
2654000	8.09932
2655000	8.08416
2656000	8.08482
2657000	8.11145
2658000	8.09135
2659000	8.06669
2660000	8.0601
2661000	8.04667
2662000	8.0516
2663000	8.05799
2664000	8.05964
2665000	8.06372
2666000	8.07952
2667000	8.08497
2668000	8.09488
2669000	8.10072
2670000	8.09172
2671000	8.08465
2672000	8.0811
2673000	8.07117
2674000	8.07753
2675000	8.08772
2676000	8.0866
2677000	8.07835
2678000	8.08424
2679000	8.06997
2680000	8.07763
2681000	8.08522
2682000	8.11543
2683000	8.12367
2684000	8.13265
2685000	8.12229
2686000	8.116
2687000	8.11826
2688000	8.1165
2689000	8.12997
2690000	8.11431
2691000	8.11293
2692000	8.11571
2693000	8.11036
2694000	8.10198
2695000	8.11763
2696000	8.12685
2697000	8.13875
2698000	8.14838
2699000	8.13521
2700000	8.1406
2701000	8.14413
2702000	8.14828
2703000	8.14774
2704000	8.14403
2705000	8.13144
2706000	8.11249
2707000	8.10932
2708000	8.10602
2709000	8.09688
2710000	8.09406
2711000	8.08869
2712000	8.08705
2713000	8.09442
2714000	8.0831
2715000	8.0766
2716000	8.06129
2717000	8.04976
2718000	8.03124
2719000	8.0301
2720000	8.02502
2721000	8.01881
2722000	8.02137
2723000	8.02274
2724000	7.99905
2725000	8.00562
2726000	8.01553
2727000	8.01387
2728000	8.0048
2729000	8.01788
2730000	8.03111
2731000	8.04208
2732000	8.03833
2733000	8.05045
2734000	8.05709
2735000	8.05305
2736000	8.05947
2737000	8.04938
2738000	8.03738
2739000	8.03347
2740000	8.0415
2741000	8.03135
2742000	8.02546
2743000	8.03953
2744000	8.04659
2745000	8.04895
2746000	8.06017
2747000	8.05302
2748000	8.05864
2749000	8.07376
2750000	8.07178
2751000	8.07461
2752000	8.07744
2753000	8.08507
2754000	8.07383
2755000	8.0955
2756000	8.0944
2757000	8.10421
2758000	8.14416
2759000	8.14318
2760000	8.15101
2761000	8.1327
2762000	8.12111
2763000	8.12348
2764000	8.1164
2765000	8.11791
2766000	8.12493
2767000	8.11794
2768000	8.12651
2769000	8.12814
2770000	8.13052
2771000	8.14359
2772000	8.12608
2773000	8.11363
2774000	8.12087
2775000	8.10505
2776000	8.12403
2777000	8.13219
2778000	8.13016
2779000	8.13399
2780000	8.13731
2781000	8.12748
2782000	8.12669
2783000	8.11939
2784000	8.1161
2785000	8.11631
2786000	8.12458
2787000	8.12183
2788000	8.12319
2789000	8.1139
2790000	8.11491
2791000	8.10762
2792000	8.10282
2793000	8.09799
2794000	8.10749
2795000	8.09234
2796000	8.08741
2797000	8.06913
2798000	8.07648
2799000	8.08582
2800000	8.08533
2801000	8.09775
2802000	8.08402
2803000	8.06497
2804000	8.06488
2805000	8.06221
2806000	8.05808
2807000	8.04499
2808000	8.03612
2809000	8.04583
2810000	8.04535
2811000	8.03226
2812000	8.03531
2813000	8.02788
2814000	8.03309
2815000	8.04948
2816000	8.03677
2817000	8.02156
2818000	8.02248
2819000	8.02536
2820000	8.0361
2821000	8.03968
2822000	8.02891
2823000	8.04076
2824000	8.03891
2825000	8.0387
2826000	8.03618
2827000	8.05446
2828000	8.04552
2829000	8.0425
2830000	8.03795
2831000	8.03388
2832000	8.04293
2833000	8.06619
2834000	8.07199
2835000	8.06437
2836000	8.06527
2837000	8.05415
2838000	8.05862
2839000	8.06632
2840000	8.06157
2841000	8.0594
2842000	8.06132
2843000	8.04485
2844000	8.0609
2845000	8.06675
2846000	8.07893
2847000	8.09868
2848000	8.09028
2849000	8.09631
2850000	8.11179
2851000	8.10982
2852000	8.12117
2853000	8.1158
2854000	8.11596
2855000	8.09074
2856000	8.10249
2857000	8.106
2858000	8.10718
2859000	8.09807
2860000	8.10291
2861000	8.09319
2862000	8.09595
2863000	8.07834
2864000	8.0829
2865000	8.08291
2866000	8.07135
2867000	8.06478
2868000	8.06507
2869000	8.04262
2870000	8.04015
2871000	8.03792
2872000	8.04118
2873000	8.05819
2874000	8.05978
2875000	8.07335
2876000	8.0828
2877000	8.07973
2878000	8.07661
2879000	8.05532
2880000	8.0583
2881000	8.05552
2882000	8.06366
2883000	8.04622
2884000	8.06295
2885000	8.05904
2886000	8.06424
2887000	8.06145
2888000	8.07443
2889000	8.06919
2890000	8.08055
2891000	8.06263
2892000	8.06811
2893000	8.06005
2894000	8.05264
2895000	8.06618
2896000	8.05741
2897000	8.06245
2898000	8.07327
2899000	8.06418
2900000	8.06356
2901000	8.06286
2902000	8.04756
2903000	8.03745
2904000	8.0593
2905000	8.05832
2906000	8.05174
2907000	8.06589
2908000	8.05407
2909000	8.06168
2910000	8.04562
2911000	8.05285
2912000	8.04838
2913000	8.05439
2914000	8.05954
2915000	8.05869
2916000	8.06759
2917000	8.07322
2918000	8.07023
2919000	8.0446
2920000	8.0581
2921000	8.05859
2922000	8.0564
2923000	8.05549
2924000	8.04018
2925000	8.02421
2926000	8.02287
2927000	8.02111
2928000	8.02288
2929000	8.00244
2930000	8.00817
2931000	8.01067
2932000	8.01771
2933000	8.03215
2934000	8.05448
2935000	8.04383
2936000	8.04518
2937000	8.04279
2938000	8.04917
2939000	8.04493
2940000	8.04428
2941000	8.04213
2942000	8.02087
2943000	8.04749
2944000	8.04685
2945000	8.06385
2946000	8.06885
2947000	8.07516
2948000	8.05391
2949000	8.04988
2950000	8.02315
2951000	8.0299
2952000	8.0248
2953000	8.03039
2954000	8.00222
2955000	8.00894
2956000	8.00476
2957000	8.01666
2958000	8.01601
2959000	8.0145
2960000	8.01068
2961000	8.02903
2962000	8.03214
2963000	8.03797
2964000	8.01089
2965000	7.98989
2966000	7.98829
2967000	7.98506
2968000	7.97997
2969000	7.99302
2970000	7.98403
2971000	7.97261
2972000	7.98465
2973000	7.98392
2974000	7.98911
2975000	8.00687
2976000	8.01173
2977000	8.0212
2978000	8.03848
2979000	8.03813
2980000	8.04228
2981000	8.03046
2982000	8.02873
2983000	8.01829
2984000	8.01527
2985000	8.00662
2986000	8.0041
2987000	8.02406
2988000	8.01211
2989000	7.98606
2990000	8.00276
2991000	7.98113
2992000	7.98801
2993000	8.00204
2994000	8.00693
2995000	7.99136
2996000	7.98294
2997000	7.95911
2998000	7.96431
2999000	7.99128
3000000	7.98202
